Cycle No.	Current
Cycle	A
1	1.50970458984375E-5
1	0.0011468505859375
2	1.0406494140625E-5
2	0.00112701416015625
3	1.0101318359375E-5
3	0.00108673095703125
4	1.0040283203125E-5
4	0.00103973388671875
5	9.52148437499994E-6
5	9.954833984375E-4
6	9.27734375000003E-6
6	9.552001953125E-4
7	9.36889648437494E-6
7	9.1888427734375E-4
8	9.03320312499997E-6
8	8.8470458984375E-4
9	9.12475585937503E-6
9	8.5418701171875E-4
10	8.97216796875003E-6
10	8.2733154296875E-4
11	8.75854492187495E-6
11	8.013916015625E-4
12	8.697509765625E-6
12	7.7728271484375E-4
13	8.57543945312497E-6
13	7.562255859375E-4
14	8.57543945312497E-6
14	7.3516845703125E-4
15	8.63647460937506E-6
15	7.177734375E-4
16	9.002685546875E-6
16	6.9915771484375E-4
17	9.55200195312506E-6
17	6.8328857421875E-4
18	9.67407226562494E-6
18	6.671142578125E-4
19	9.918212890625E-6
19	6.53076171875E-4
20	9.765625E-6
20	6.38427734375E-4
21	9.67407226562494E-6
21	6.2469482421875E-4
22	9.52148437499994E-6
22	6.1187744140625E-4
23	9.70458984375006E-6
23	6.0028076171875E-4
24	9.73510742187503E-6
24	5.8807373046875E-4
25	9.613037109375E-6
25	5.7769775390625E-4
26	9.613037109375E-6
26	5.6640625E-4
27	9.39941406250006E-6
27	5.56640625E-4
28	9.42993164062503E-6
28	5.462646484375E-4
29	9.24682617187506E-6
29	5.3680419921875E-4
30	9.27734375000003E-6
30	5.2825927734375E-4
31	9.27734375000003E-6
31	5.1971435546875E-4
32	9.09423828125006E-6
32	5.1116943359375E-4
33	9.09423828125006E-6
33	5.029296875E-4
34	9.21630859374995E-6
34	4.9591064453125E-4
35	9.09423828125006E-6
35	4.89044189453125E-4
36	8.97216796875003E-6
36	4.8175048828125E-4
37	8.85009765625E-6
37	4.75067138671875E-4
38	8.85009765625E-6
38	4.68109130859375E-4
39	8.78906250000006E-6
39	4.6173095703125E-4
40	8.94165039062506E-6
40	4.55657958984375E-4
41	8.81958007812503E-6
41	4.4970703125E-4
42	8.91113281249995E-6
42	4.43939208984375E-4
43	9.002685546875E-6
43	4.3841552734375E-4
44	8.78906250000006E-6
44	4.32830810546875E-4
45	8.75854492187495E-6
45	4.2755126953125E-4
46	8.94165039062506E-6
46	4.224853515625E-4
47	8.94165039062506E-6
47	4.1748046875E-4
48	8.75854492187495E-6
48	4.12322998046875E-4
49	8.48388671875005E-6
49	4.0765380859375E-4
50	8.60595703124994E-6
50	4.0325927734375E-4
51	8.63647460937506E-6
51	3.98834228515625E-4
52	8.72802734374997E-6
52	3.94561767578125E-4
53	8.697509765625E-6
53	3.9044189453125E-4
54	8.75854492187495E-6
54	3.8623046875E-4
55	8.63647460937506E-6
55	3.82476806640625E-4
56	8.63647460937506E-6
56	3.78509521484375E-4
57	8.63647460937506E-6
57	3.74725341796875E-4
58	8.63647460937506E-6
58	3.7115478515625E-4
59	8.72802734374997E-6
59	3.67523193359375E-4
60	8.85009765625E-6
60	3.63922119140625E-4
61	8.60595703124994E-6
61	3.604736328125E-4
62	8.57543945312497E-6
62	3.57177734375E-4
63	8.85009765625E-6
63	3.53912353515625E-4
64	8.66699218750003E-6
64	3.50830078125E-4
65	8.60595703124994E-6
65	3.47686767578125E-4
66	8.72802734374997E-6
66	3.44757080078125E-4
67	8.66699218750003E-6
67	3.4173583984375E-4
68	8.66699218750003E-6
68	3.3880615234375E-4
69	8.66699218750003E-6
69	3.358154296875E-4
70	8.51440429687503E-6
70	3.33038330078125E-4
71	8.57543945312497E-6
71	3.3050537109375E-4
72	8.45336914062494E-6
72	3.27545166015625E-4
73	8.392333984375E-6
73	3.24981689453125E-4
74	8.48388671875005E-6
74	3.2257080078125E-4
75	8.57543945312497E-6
75	3.20098876953125E-4
76	8.544921875E-6
76	3.17626953125E-4
77	8.63647460937506E-6
77	3.15399169921875E-4
78	8.51440429687503E-6
78	3.1298828125E-4
79	8.42285156249997E-6
79	3.10638427734375E-4
80	8.57543945312497E-6
80	3.08349609375E-4
81	8.36181640625003E-6
81	3.060302734375E-4
82	8.51440429687503E-6
82	3.04107666015625E-4
83	8.51440429687503E-6
83	3.0181884765625E-4
84	8.23974609375E-6
84	2.996826171875E-4
85	8.392333984375E-6
85	2.97576904296875E-4
86	8.48388671875005E-6
86	2.95745849609375E-4
87	8.33129882812506E-6
87	2.93701171875E-4
88	8.42285156249997E-6
88	2.91961669921875E-4
89	8.392333984375E-6
89	2.90069580078125E-4
90	8.48388671875005E-6
90	2.8814697265625E-4
91	8.392333984375E-6
91	2.86285400390625E-4
92	8.45336914062494E-6
92	2.8460693359375E-4
93	8.57543945312497E-6
93	2.82928466796875E-4
94	8.544921875E-6
94	2.81097412109375E-4
95	8.392333984375E-6
95	2.794189453125E-4
96	8.75854492187495E-6
96	2.7783203125E-4
97	8.75854492187495E-6
97	2.7606201171875E-4
98	8.51440429687503E-6
98	2.7447509765625E-4
99	8.57543945312497E-6
99	2.7288818359375E-4
100	8.63647460937506E-6
100	2.71331787109375E-4
101	8.392333984375E-6
101	2.69500732421875E-4
102	8.392333984375E-6
102	2.68218994140625E-4
103	8.60595703124994E-6
103	2.6666259765625E-4
104	8.66699218750003E-6
104	2.65167236328125E-4
105	8.51440429687503E-6
105	2.63641357421875E-4
106	8.60595703124994E-6
106	2.62237548828125E-4
107	8.697509765625E-6
107	2.61016845703125E-4
108	8.697509765625E-6
108	2.596435546875E-4
109	8.66699218750003E-6
109	2.5811767578125E-4
110	8.63647460937506E-6
110	2.56683349609375E-4
111	8.33129882812506E-6
111	2.552490234375E-4
112	8.51440429687503E-6
112	2.54150390625E-4
113	8.57543945312497E-6
113	2.52838134765625E-4
114	8.544921875E-6
114	2.51495361328125E-4
115	8.48388671875005E-6
115	2.503662109375E-4
116	8.48388671875005E-6
116	2.48992919921875E-4
117	8.544921875E-6
117	2.47802734375E-4
118	8.60595703124994E-6
118	2.4664306640625E-4
119	8.57543945312497E-6
119	2.45452880859375E-4
120	8.66699218750003E-6
120	2.44171142578125E-4
121	8.63647460937506E-6
121	2.427978515625E-4
122	8.544921875E-6
122	2.4169921875E-4
123	8.33129882812506E-6
123	2.40631103515625E-4
124	8.33129882812506E-6
124	2.396240234375E-4
125	8.392333984375E-6
125	2.3846435546875E-4
126	8.60595703124994E-6
126	2.3748779296875E-4
127	8.544921875E-6
127	2.36328125E-4
128	8.33129882812506E-6
128	2.3529052734375E-4
129	8.45336914062494E-6
129	2.3419189453125E-4
130	8.63647460937506E-6
130	2.3333740234375E-4
131	8.66699218750003E-6
131	2.32147216796875E-4
132	8.30078124999994E-6
132	2.30865478515625E-4
133	8.36181640625003E-6
133	2.301025390625E-4
134	8.36181640625003E-6
134	2.2918701171875E-4
135	8.51440429687503E-6
135	2.2833251953125E-4
136	8.42285156249997E-6
136	2.27142333984375E-4
137	8.51440429687503E-6
137	2.26531982421875E-4
138	8.544921875E-6
138	2.254638671875E-4
139	8.60595703124994E-6
139	2.24517822265625E-4
140	8.45336914062494E-6
140	2.2357177734375E-4
141	8.51440429687503E-6
141	2.2283935546875E-4
142	8.60595703124994E-6
142	2.21771240234375E-4
143	8.544921875E-6
143	2.20916748046875E-4
144	8.697509765625E-6
144	2.2021484375E-4
145	8.51440429687503E-6
145	2.1923828125E-4
146	8.63647460937506E-6
146	2.18414306640625E-4
147	8.392333984375E-6
147	2.1728515625E-4
148	8.392333984375E-6
148	2.164306640625E-4
149	8.697509765625E-6
149	2.15911865234375E-4
150	8.51440429687503E-6
150	2.1484375E-4
151	8.51440429687503E-6
151	2.14111328125E-4
152	8.51440429687503E-6
152	2.135009765625E-4
153	8.78906250000006E-6
153	2.12677001953125E-4
154	8.57543945312497E-6
154	2.1197509765625E-4
155	8.81958007812503E-6
155	2.11273193359375E-4
156	8.57543945312497E-6
156	2.1026611328125E-4
157	8.57543945312497E-6
157	2.09564208984375E-4
158	8.63647460937506E-6
158	2.08709716796875E-4
159	8.48388671875005E-6
159	2.0794677734375E-4
160	8.57543945312497E-6
160	2.071533203125E-4
161	8.36181640625003E-6
161	2.06268310546875E-4
162	8.48388671875005E-6
162	2.05810546875E-4
163	8.36181640625003E-6
163	2.05078125E-4
164	8.392333984375E-6
164	2.04132080078125E-4
165	8.392333984375E-6
165	2.03521728515625E-4
166	8.392333984375E-6
166	2.02911376953125E-4
167	8.48388671875005E-6
167	2.0196533203125E-4
168	8.20922851562503E-6
168	2.01446533203125E-4
169	8.33129882812506E-6
169	2.008056640625E-4
170	8.42285156249997E-6
170	2.003173828125E-4
171	8.36181640625003E-6
171	1.9970703125E-4
172	8.48388671875005E-6
172	1.99005126953125E-4
173	8.60595703124994E-6
173	1.98394775390625E-4
174	8.66699218750003E-6
174	1.9775390625E-4
175	8.60595703124994E-6
175	1.9720458984375E-4
176	8.57543945312497E-6
176	1.96502685546875E-4
177	8.48388671875005E-6
177	1.9586181640625E-4
178	8.63647460937506E-6
178	1.953125E-4
179	8.66699218750003E-6
179	1.9476318359375E-4
180	8.60595703124994E-6
180	1.94122314453125E-4
181	8.60595703124994E-6
181	1.93359375E-4
182	8.45336914062494E-6
182	1.92718505859375E-4
183	8.57543945312497E-6
183	1.92138671875E-4
184	8.63647460937506E-6
184	1.915283203125E-4
185	8.75854492187495E-6
185	1.91131591796875E-4
186	8.60595703124994E-6
186	1.90521240234375E-4
187	8.66699218750003E-6
187	1.89849853515625E-4
188	8.27026367187497E-6
188	1.893310546875E-4
189	8.48388671875005E-6
189	1.8878173828125E-4
190	8.544921875E-6
190	1.88323974609375E-4
191	8.544921875E-6
191	1.87744140625E-4
192	8.57543945312497E-6
192	1.87225341796875E-4
193	8.48388671875005E-6
193	1.8658447265625E-4
194	8.48388671875005E-6
194	1.8603515625E-4
195	8.42285156249997E-6
195	1.85638427734375E-4
196	8.392333984375E-6
196	1.8511962890625E-4
197	8.63647460937506E-6
197	1.84539794921875E-4
198	8.697509765625E-6
198	1.84173583984375E-4
199	8.51440429687503E-6
199	1.834716796875E-4
200	8.66699218750003E-6
200	1.832275390625E-4
201	8.392333984375E-6
201	1.82281494140625E-4
202	8.30078124999994E-6
202	1.8170166015625E-4
203	8.30078124999994E-6
203	1.81304931640625E-4
204	8.45336914062494E-6
204	1.810302734375E-4
205	8.544921875E-6
205	1.80450439453125E-4
206	8.48388671875005E-6
206	1.80084228515625E-4
207	8.42285156249997E-6
207	1.793212890625E-4
208	8.33129882812506E-6
208	1.7901611328125E-4
209	8.51440429687503E-6
209	1.787109375E-4
210	8.51440429687503E-6
210	1.7828369140625E-4
211	8.48388671875005E-6
211	1.77764892578125E-4
212	8.42285156249997E-6
212	1.7742919921875E-4
213	8.60595703124994E-6
213	1.767578125E-4
214	8.23974609375E-6
214	1.761474609375E-4
215	8.544921875E-6
215	1.759033203125E-4
216	8.697509765625E-6
216	1.7547607421875E-4
217	8.60595703124994E-6
217	1.751708984375E-4
218	8.66699218750003E-6
218	1.74591064453125E-4
219	8.48388671875005E-6
219	1.74224853515625E-4
220	8.48388671875005E-6
220	1.7376708984375E-4
221	8.63647460937506E-6
221	1.73309326171875E-4
222	8.72802734374997E-6
222	1.73065185546875E-4
223	8.63647460937506E-6
223	1.72576904296875E-4
224	8.544921875E-6
224	1.72119140625E-4
225	8.51440429687503E-6
225	1.71630859375E-4
226	8.57543945312497E-6
226	1.7132568359375E-4
227	8.66699218750003E-6
227	1.710205078125E-4
228	8.72802734374997E-6
228	1.7041015625E-4
229	8.42285156249997E-6
229	1.700439453125E-4
230	8.57543945312497E-6
230	1.69830322265625E-4
231	8.57543945312497E-6
231	1.69219970703125E-4
232	8.27026367187497E-6
232	1.68792724609375E-4
233	8.392333984375E-6
233	1.6845703125E-4
234	8.17871093750006E-6
234	1.67816162109375E-4
235	8.544921875E-6
235	1.6778564453125E-4
236	8.45336914062494E-6
236	1.67388916015625E-4
237	8.66699218750003E-6
237	1.66900634765625E-4
238	8.63647460937506E-6
238	1.66656494140625E-4
239	8.45336914062494E-6
239	1.6619873046875E-4
240	8.42285156249997E-6
240	1.65740966796875E-4
241	8.45336914062494E-6
241	1.65283203125E-4
242	8.33129882812506E-6
242	1.650390625E-4
243	8.30078124999994E-6
243	1.64886474609375E-4
244	8.75854492187495E-6
244	1.646728515625E-4
245	8.544921875E-6
245	1.6400146484375E-4
246	8.42285156249997E-6
246	1.634521484375E-4
247	8.544921875E-6
247	1.63238525390625E-4
248	8.30078124999994E-6
248	1.62872314453125E-4
249	8.63647460937506E-6
249	1.62750244140625E-4
250	8.51440429687503E-6
250	1.62261962890625E-4
251	8.087158203125E-6
251	1.45172119140625E-4
252	8.57543945312497E-6
252	1.5313720703125E-4
253	8.48388671875005E-6
253	1.57012939453125E-4
254	8.45336914062494E-6
254	1.5875244140625E-4
255	8.51440429687503E-6
255	1.593017578125E-4
256	8.60595703124994E-6
256	1.5972900390625E-4
257	8.66699218750003E-6
257	1.5972900390625E-4
258	8.57543945312497E-6
258	1.59759521484375E-4
259	8.544921875E-6
259	1.5948486328125E-4
260	8.57543945312497E-6
260	1.59271240234375E-4
261	8.66699218750003E-6
261	1.590576171875E-4
262	8.45336914062494E-6
262	1.5863037109375E-4
263	8.60595703124994E-6
263	1.585693359375E-4
264	8.544921875E-6
264	1.5814208984375E-4
265	8.63647460937506E-6
265	1.57745361328125E-4
266	8.33129882812506E-6
266	1.57501220703125E-4
267	8.48388671875005E-6
267	1.5716552734375E-4
268	8.392333984375E-6
268	1.56951904296875E-4
269	8.42285156249997E-6
269	1.566162109375E-4
270	8.66699218750003E-6
270	1.56463623046875E-4
271	8.51440429687503E-6
271	1.55975341796875E-4
272	8.48388671875005E-6
272	1.556396484375E-4
273	8.30078124999994E-6
273	1.55364990234375E-4
274	8.544921875E-6
274	1.552734375E-4
275	8.45336914062494E-6
275	1.5484619140625E-4
276	8.697509765625E-6
276	1.5460205078125E-4
277	8.63647460937506E-6
277	1.54144287109375E-4
278	8.392333984375E-6
278	1.539306640625E-4
279	8.48388671875005E-6
279	1.53778076171875E-4
280	8.63647460937506E-6
280	1.53472900390625E-4
281	8.85009765625E-6
281	1.533203125E-4
282	8.75854492187495E-6
282	1.52923583984375E-4
283	8.81958007812503E-6
283	1.52618408203125E-4
284	8.81958007812503E-6
284	1.52679443359375E-4
285	8.75854492187495E-6
285	1.5234375E-4
286	8.697509765625E-6
286	1.5191650390625E-4
287	8.72802734374997E-6
287	1.51641845703125E-4
288	8.72802734374997E-6
288	1.514892578125E-4
289	8.72802734374997E-6
289	1.51123046875E-4
290	8.57543945312497E-6
290	1.507568359375E-4
291	8.63647460937506E-6
291	1.50726318359375E-4
292	8.66699218750003E-6
292	1.50177001953125E-4
293	8.42285156249997E-6
293	1.5008544921875E-4
294	8.63647460937506E-6
294	1.4971923828125E-4
295	8.66699218750003E-6
295	1.494140625E-4
296	8.63647460937506E-6
296	1.492919921875E-4
297	8.75854492187495E-6
297	1.490478515625E-4
298	8.60595703124994E-6
298	1.48681640625E-4
299	8.48388671875005E-6
299	1.4837646484375E-4
300	8.57543945312497E-6
300	1.480712890625E-4
301	8.72802734374997E-6
301	1.480712890625E-4
302	8.697509765625E-6
302	1.47857666015625E-4
303	8.60595703124994E-6
303	1.47430419921875E-4
304	8.75854492187495E-6
304	1.47308349609375E-4
305	8.48388671875005E-6
305	1.46759033203125E-4
306	8.63647460937506E-6
306	1.46759033203125E-4
307	8.45336914062494E-6
307	1.46270751953125E-4
308	8.48388671875005E-6
308	1.4617919921875E-4
309	8.72802734374997E-6
309	1.46087646484375E-4
310	8.63647460937506E-6
310	1.45751953125E-4
311	8.57543945312497E-6
311	1.456298828125E-4
312	8.51440429687503E-6
312	1.45172119140625E-4
313	8.544921875E-6
313	1.44927978515625E-4
314	8.48388671875005E-6
314	1.44927978515625E-4
315	8.51440429687503E-6
315	1.4471435546875E-4
316	8.60595703124994E-6
316	1.4447021484375E-4
317	8.63647460937506E-6
317	1.4434814453125E-4
318	8.66699218750003E-6
318	1.4385986328125E-4
319	8.42285156249997E-6
319	1.43646240234375E-4
320	8.544921875E-6
320	1.4349365234375E-4
321	8.66699218750003E-6
321	1.43280029296875E-4
322	8.72802734374997E-6
322	1.431884765625E-4
323	8.60595703124994E-6
323	1.4288330078125E-4
324	8.72802734374997E-6
324	1.427001953125E-4
325	8.72802734374997E-6
325	1.42578125E-4
326	8.63647460937506E-6
326	1.42578125E-4
327	8.75854492187495E-6
327	1.42181396484375E-4
328	8.60595703124994E-6
328	1.41845703125E-4
329	8.66699218750003E-6
329	1.4178466796875E-4
330	8.88061523437497E-6
330	1.414794921875E-4
331	8.392333984375E-6
331	1.40899658203125E-4
332	8.42285156249997E-6
332	1.40716552734375E-4
333	8.544921875E-6
333	1.40777587890625E-4
334	8.63647460937506E-6
334	1.4056396484375E-4
335	8.697509765625E-6
335	1.4044189453125E-4
336	8.72802734374997E-6
336	1.4013671875E-4
337	8.78906250000006E-6
337	1.400146484375E-4
338	8.72802734374997E-6
338	1.397705078125E-4
339	8.72802734374997E-6
339	1.39678955078125E-4
340	8.697509765625E-6
340	1.395263671875E-4
341	8.78906250000006E-6
341	1.39312744140625E-4
342	8.60595703124994E-6
342	1.3909912109375E-4
343	8.697509765625E-6
343	1.38824462890625E-4
344	8.78906250000006E-6
344	1.387939453125E-4
345	8.75854492187495E-6
345	1.38336181640625E-4
346	8.63647460937506E-6
346	1.3812255859375E-4
347	8.544921875E-6
347	1.37908935546875E-4
348	8.81958007812503E-6
348	1.37664794921875E-4
349	8.51440429687503E-6
349	1.37359619140625E-4
350	8.72802734374997E-6
350	1.3751220703125E-4
351	8.72802734374997E-6
351	1.3720703125E-4
352	8.66699218750003E-6
352	1.36962890625E-4
353	8.697509765625E-6
353	1.36749267578125E-4
354	8.63647460937506E-6
354	1.36627197265625E-4
355	8.81958007812503E-6
355	1.36566162109375E-4
356	8.72802734374997E-6
356	1.36383056640625E-4
357	8.72802734374997E-6
357	1.36260986328125E-4
358	8.72802734374997E-6
358	1.358642578125E-4
359	8.697509765625E-6
359	1.35955810546875E-4
360	8.88061523437497E-6
360	1.35589599609375E-4
361	8.697509765625E-6
361	1.356201171875E-4
362	8.88061523437497E-6
362	1.35162353515625E-4
363	8.75854492187495E-6
363	1.35162353515625E-4
364	8.697509765625E-6
364	1.348876953125E-4
365	8.85009765625E-6
365	1.3482666015625E-4
366	8.51440429687503E-6
366	1.3409423828125E-4
367	8.42285156249997E-6
367	1.341552734375E-4
368	8.60595703124994E-6
368	1.34246826171875E-4
369	8.72802734374997E-6
369	1.33941650390625E-4
370	8.544921875E-6
370	1.3385009765625E-4
371	8.57543945312497E-6
371	1.3360595703125E-4
372	8.544921875E-6
372	1.334228515625E-4
373	8.85009765625E-6
373	1.3336181640625E-4
374	8.66699218750003E-6
374	1.33270263671875E-4
375	8.544921875E-6
375	1.33148193359375E-4
376	8.60595703124994E-6
376	1.32904052734375E-4
377	8.85009765625E-6
377	1.32720947265625E-4
378	8.697509765625E-6
378	1.32720947265625E-4
379	8.697509765625E-6
379	1.32537841796875E-4
380	8.75854492187495E-6
380	1.32476806640625E-4
381	8.88061523437497E-6
381	1.322021484375E-4
382	8.81958007812503E-6
382	1.31927490234375E-4
383	8.72802734374997E-6
383	1.31927490234375E-4
384	8.697509765625E-6
384	1.31805419921875E-4
385	8.78906250000006E-6
385	1.3134765625E-4
386	8.48388671875005E-6
386	1.31256103515625E-4
387	8.60595703124994E-6
387	1.31072998046875E-4
388	8.66699218750003E-6
388	1.31134033203125E-4
389	8.81958007812503E-6
389	1.30889892578125E-4
390	8.697509765625E-6
390	1.30706787109375E-4
391	8.78906250000006E-6
391	1.30584716796875E-4
392	8.75854492187495E-6
392	1.30584716796875E-4
393	8.75854492187495E-6
393	1.30340576171875E-4
394	8.91113281249995E-6
394	1.302490234375E-4
395	8.697509765625E-6
395	1.30035400390625E-4
396	8.75854492187495E-6
396	1.2982177734375E-4
397	8.63647460937506E-6
397	1.29669189453125E-4
398	8.697509765625E-6
398	1.295166015625E-4
399	8.72802734374997E-6
399	1.29364013671875E-4
400	8.63647460937506E-6
400	1.2921142578125E-4
401	8.63647460937506E-6
401	1.29180908203125E-4
402	8.697509765625E-6
402	1.28662109375E-4
403	8.72802734374997E-6
403	1.2872314453125E-4
404	8.81958007812503E-6
404	1.285400390625E-4
405	8.60595703124994E-6
405	1.282958984375E-4
406	8.66699218750003E-6
406	1.2823486328125E-4
407	8.57543945312497E-6
407	1.2823486328125E-4
408	8.51440429687503E-6
408	1.2774658203125E-4
409	8.60595703124994E-6
409	1.27899169921875E-4
410	8.78906250000006E-6
410	1.27777099609375E-4
411	8.78906250000006E-6
411	1.27685546875E-4
412	8.697509765625E-6
412	1.2744140625E-4
413	8.75854492187495E-6
413	1.27349853515625E-4
414	8.63647460937506E-6
414	1.27349853515625E-4
415	8.60595703124994E-6
415	1.26983642578125E-4
416	8.72802734374997E-6
416	1.26708984375E-4
417	8.78906250000006E-6
417	1.26678466796875E-4
418	8.81958007812503E-6
418	1.26617431640625E-4
419	8.60595703124994E-6
419	1.2652587890625E-4
420	8.75854492187495E-6
420	1.263427734375E-4
421	8.75854492187495E-6
421	1.26220703125E-4
422	8.72802734374997E-6
422	1.25946044921875E-4
423	8.63647460937506E-6
423	1.25762939453125E-4
424	8.544921875E-6
424	1.25701904296875E-4
425	8.51440429687503E-6
425	1.25762939453125E-4
426	8.85009765625E-6
426	1.25579833984375E-4
427	8.78906250000006E-6
427	1.25396728515625E-4
428	8.72802734374997E-6
428	1.25213623046875E-4
429	8.85009765625E-6
429	1.25213623046875E-4
430	8.66699218750003E-6
430	1.2493896484375E-4
431	8.697509765625E-6
431	1.2481689453125E-4
432	8.60595703124994E-6
432	1.246337890625E-4
433	8.697509765625E-6
433	1.24542236328125E-4
434	8.66699218750003E-6
434	1.24420166015625E-4
435	8.51440429687503E-6
435	1.24237060546875E-4
436	8.544921875E-6
436	1.240234375E-4
437	8.57543945312497E-6
437	1.23931884765625E-4
438	8.48388671875005E-6
438	1.2384033203125E-4
439	8.75854492187495E-6
439	1.23992919921875E-4
440	8.88061523437497E-6
440	1.2384033203125E-4
441	8.57543945312497E-6
441	1.23626708984375E-4
442	8.66699218750003E-6
442	1.234130859375E-4
443	8.48388671875005E-6
443	1.23199462890625E-4
444	8.66699218750003E-6
444	1.23199462890625E-4
445	8.78906250000006E-6
445	1.2310791015625E-4
446	8.81958007812503E-6
446	1.2298583984375E-4
447	8.63647460937506E-6
447	1.22833251953125E-4
448	8.85009765625E-6
448	1.23046875E-4
449	8.63647460937506E-6
449	1.22467041015625E-4
450	8.75854492187495E-6
450	1.2255859375E-4
451	8.75854492187495E-6
451	1.221923828125E-4
452	8.60595703124994E-6
452	1.22222900390625E-4
453	8.57543945312497E-6
453	1.22039794921875E-4
454	8.66699218750003E-6
454	1.21917724609375E-4
455	8.63647460937506E-6
455	1.21978759765625E-4
456	8.544921875E-6
456	1.2164306640625E-4
457	8.57543945312497E-6
457	1.21551513671875E-4
458	8.75854492187495E-6
458	1.21368408203125E-4
459	8.66699218750003E-6
459	1.21337890625E-4
460	8.78906250000006E-6
460	1.21490478515625E-4
461	8.72802734374997E-6
461	1.21185302734375E-4
462	8.91113281249995E-6
462	1.21185302734375E-4
463	9.002685546875E-6
463	1.21002197265625E-4
464	8.66699218750003E-6
464	1.20880126953125E-4
465	8.78906250000006E-6
465	1.20849609375E-4
466	8.81958007812503E-6
466	1.2066650390625E-4
467	8.81958007812503E-6
467	1.20574951171875E-4
468	8.85009765625E-6
468	1.20361328125E-4
469	8.697509765625E-6
469	1.2017822265625E-4
470	8.60595703124994E-6
470	1.20208740234375E-4
471	8.78906250000006E-6
471	1.2005615234375E-4
472	8.697509765625E-6
472	1.19964599609375E-4
473	8.85009765625E-6
473	1.1981201171875E-4
474	8.544921875E-6
474	1.19537353515625E-4
475	8.63647460937506E-6
475	1.19293212890625E-4
476	8.63647460937506E-6
476	1.192626953125E-4
477	8.75854492187495E-6
477	1.19384765625E-4
478	8.78906250000006E-6
478	1.19354248046875E-4
479	8.78906250000006E-6
479	1.19171142578125E-4
480	8.60595703124994E-6
480	1.187744140625E-4
481	8.48388671875005E-6
481	1.185302734375E-4
482	8.392333984375E-6
482	1.18560791015625E-4
483	8.392333984375E-6
483	1.1846923828125E-4
484	8.57543945312497E-6
484	1.1846923828125E-4
485	8.544921875E-6
485	1.18377685546875E-4
486	8.60595703124994E-6
486	1.1834716796875E-4
487	8.72802734374997E-6
487	1.1822509765625E-4
488	8.57543945312497E-6
488	1.180419921875E-4
489	8.57543945312497E-6
489	1.180419921875E-4
490	8.697509765625E-6
490	1.18011474609375E-4
491	8.75854492187495E-6
491	1.17919921875E-4
492	8.66699218750003E-6
492	1.17706298828125E-4
493	8.697509765625E-6
493	1.17584228515625E-4
494	8.75854492187495E-6
494	1.17462158203125E-4
495	8.697509765625E-6
495	1.17401123046875E-4
496	8.697509765625E-6
496	1.173095703125E-4
497	8.75854492187495E-6
497	1.17218017578125E-4
498	8.66699218750003E-6
498	1.168212890625E-4
499	8.36181640625003E-6
499	1.1688232421875E-4
500	8.45336914062494E-6
500	1.16668701171875E-4
501	7.90405273437503E-6
501	1.05438232421875E-4
502	8.72802734374997E-6
502	1.1053466796875E-4
503	8.697509765625E-6
503	1.134033203125E-4
504	8.57543945312497E-6
504	1.1480712890625E-4
505	8.88061523437497E-6
505	1.15570068359375E-4
506	8.697509765625E-6
506	1.158447265625E-4
507	8.697509765625E-6
507	1.1602783203125E-4
508	8.63647460937506E-6
508	1.1602783203125E-4
509	8.78906250000006E-6
509	1.16119384765625E-4
510	8.72802734374997E-6
510	1.16058349609375E-4
511	8.72802734374997E-6
511	1.15966796875E-4
512	8.78906250000006E-6
512	1.15814208984375E-4
513	8.72802734374997E-6
513	1.1572265625E-4
514	8.63647460937506E-6
514	1.1566162109375E-4
515	8.72802734374997E-6
515	1.1572265625E-4
516	8.66699218750003E-6
516	1.15570068359375E-4
517	8.75854492187495E-6
517	1.15631103515625E-4
518	8.66699218750003E-6
518	1.153564453125E-4
519	8.66699218750003E-6
519	1.15203857421875E-4
520	8.697509765625E-6
520	1.15325927734375E-4
521	8.697509765625E-6
521	1.15264892578125E-4
522	8.60595703124994E-6
522	1.14959716796875E-4
523	8.544921875E-6
523	1.1505126953125E-4
524	8.697509765625E-6
524	1.1456298828125E-4
525	8.60595703124994E-6
525	1.14471435546875E-4
526	8.544921875E-6
526	1.14532470703125E-4
527	8.72802734374997E-6
527	1.14501953125E-4
528	8.75854492187495E-6
528	1.1431884765625E-4
529	8.85009765625E-6
529	1.14288330078125E-4
530	8.75854492187495E-6
530	1.1431884765625E-4
531	8.94165039062506E-6
531	1.1407470703125E-4
532	8.51440429687503E-6
532	1.138916015625E-4
533	8.78906250000006E-6
533	1.1407470703125E-4
534	8.72802734374997E-6
534	1.13800048828125E-4
535	8.75854492187495E-6
535	1.1358642578125E-4
536	8.544921875E-6
536	1.1346435546875E-4
537	8.63647460937506E-6
537	1.1334228515625E-4
538	8.60595703124994E-6
538	1.13433837890625E-4
539	8.63647460937506E-6
539	1.1334228515625E-4
540	8.85009765625E-6
540	1.1328125E-4
541	8.75854492187495E-6
541	1.12884521484375E-4
542	8.66699218750003E-6
542	1.12945556640625E-4
543	8.63647460937506E-6
543	1.13006591796875E-4
544	8.75854492187495E-6
544	1.129150390625E-4
545	8.85009765625E-6
545	1.12945556640625E-4
546	8.75854492187495E-6
546	1.12701416015625E-4
547	9.002685546875E-6
547	1.1260986328125E-4
548	8.72802734374997E-6
548	1.126708984375E-4
549	8.81958007812503E-6
549	1.1248779296875E-4
550	8.66699218750003E-6
550	1.1224365234375E-4
551	8.85009765625E-6
551	1.121826171875E-4
552	8.697509765625E-6
552	1.1224365234375E-4
553	8.72802734374997E-6
553	1.12091064453125E-4
554	8.697509765625E-6
554	1.11968994140625E-4
555	8.88061523437497E-6
555	1.1181640625E-4
556	8.57543945312497E-6
556	1.11785888671875E-4
557	8.697509765625E-6
557	1.11724853515625E-4
558	8.697509765625E-6
558	1.1163330078125E-4
559	8.81958007812503E-6
559	1.11572265625E-4
560	8.91113281249995E-6
560	1.11480712890625E-4
561	8.81958007812503E-6
561	1.11297607421875E-4
562	8.85009765625E-6
562	1.11328125E-4
563	8.60595703124994E-6
563	1.11053466796875E-4
564	8.697509765625E-6
564	1.11175537109375E-4
565	8.85009765625E-6
565	1.1114501953125E-4
566	8.85009765625E-6
566	1.10931396484375E-4
567	8.66699218750003E-6
567	1.1090087890625E-4
568	8.63647460937506E-6
568	1.10626220703125E-4
569	8.57543945312497E-6
569	1.1065673828125E-4
570	8.72802734374997E-6
570	1.10565185546875E-4
571	8.60595703124994E-6
571	1.10382080078125E-4
572	8.66699218750003E-6
572	1.1029052734375E-4
573	8.72802734374997E-6
573	1.103515625E-4
574	8.60595703124994E-6
574	1.102294921875E-4
575	8.697509765625E-6
575	1.10076904296875E-4
576	8.697509765625E-6
576	1.10015869140625E-4
577	8.392333984375E-6
577	1.09527587890625E-4
578	8.392333984375E-6
578	1.09588623046875E-4
579	8.42285156249997E-6
579	1.09710693359375E-4
580	8.544921875E-6
580	1.09649658203125E-4
581	8.75854492187495E-6
581	1.09588623046875E-4
582	8.72802734374997E-6
582	1.0955810546875E-4
583	8.60595703124994E-6
583	1.0931396484375E-4
584	8.63647460937506E-6
584	1.09283447265625E-4
585	8.544921875E-6
585	1.09161376953125E-4
586	8.75854492187495E-6
586	1.09161376953125E-4
587	8.63647460937506E-6
587	1.09161376953125E-4
588	8.75854492187495E-6
588	1.0882568359375E-4
589	8.63647460937506E-6
589	1.0888671875E-4
590	8.697509765625E-6
590	1.087646484375E-4
591	8.57543945312497E-6
591	1.0870361328125E-4
592	8.63647460937506E-6
592	1.08612060546875E-4
593	8.51440429687503E-6
593	1.0858154296875E-4
594	8.48388671875005E-6
594	1.08489990234375E-4
595	8.60595703124994E-6
595	1.08551025390625E-4
596	8.78906250000006E-6
596	1.085205078125E-4
597	8.81958007812503E-6
597	1.08306884765625E-4
598	8.60595703124994E-6
598	1.080322265625E-4
599	8.392333984375E-6
599	1.07940673828125E-4
600	8.63647460937506E-6
600	1.0797119140625E-4
601	8.60595703124994E-6
601	1.0784912109375E-4
602	8.66699218750003E-6
602	1.07818603515625E-4
603	8.63647460937506E-6
603	1.07879638671875E-4
604	8.75854492187495E-6
604	1.0784912109375E-4
605	8.57543945312497E-6
605	1.07574462890625E-4
606	8.57543945312497E-6
606	1.07696533203125E-4
607	8.60595703124994E-6
607	1.0748291015625E-4
608	8.72802734374997E-6
608	1.075439453125E-4
609	8.57543945312497E-6
609	1.07391357421875E-4
610	8.57543945312497E-6
610	1.0748291015625E-4
611	8.85009765625E-6
611	1.07330322265625E-4
612	8.544921875E-6
612	1.07208251953125E-4
613	8.697509765625E-6
613	1.0711669921875E-4
614	8.72802734374997E-6
614	1.07025146484375E-4
615	8.75854492187495E-6
615	1.070556640625E-4
616	8.78906250000006E-6
616	1.06781005859375E-4
617	8.45336914062494E-6
617	1.06475830078125E-4
618	8.51440429687503E-6
618	1.06597900390625E-4
619	8.57543945312497E-6
619	1.06689453125E-4
620	8.66699218750003E-6
620	1.06689453125E-4
621	8.60595703124994E-6
621	1.065673828125E-4
622	8.42285156249997E-6
622	1.0626220703125E-4
623	8.392333984375E-6
623	1.06231689453125E-4
624	8.51440429687503E-6
624	1.06353759765625E-4
625	8.66699218750003E-6
625	1.05987548828125E-4
626	8.392333984375E-6
626	1.0595703125E-4
627	8.57543945312497E-6
627	1.05987548828125E-4
628	8.48388671875005E-6
628	1.058349609375E-4
629	8.75854492187495E-6
629	1.0614013671875E-4
630	8.81958007812503E-6
630	1.05987548828125E-4
631	8.81958007812503E-6
631	1.05865478515625E-4
632	8.60595703124994E-6
632	1.058349609375E-4
633	8.75854492187495E-6
633	1.05804443359375E-4
634	8.72802734374997E-6
634	1.05712890625E-4
635	8.57543945312497E-6
635	1.05499267578125E-4
636	8.63647460937506E-6
636	1.05377197265625E-4
637	8.66699218750003E-6
637	1.05499267578125E-4
638	8.75854492187495E-6
638	1.0540771484375E-4
639	8.72802734374997E-6
639	1.05224609375E-4
640	8.75854492187495E-6
640	1.0528564453125E-4
641	8.63647460937506E-6
641	1.051025390625E-4
642	8.85009765625E-6
642	1.0516357421875E-4
643	8.697509765625E-6
643	1.051025390625E-4
644	8.72802734374997E-6
644	1.04949951171875E-4
645	8.57543945312497E-6
645	1.0479736328125E-4
646	8.78906250000006E-6
646	1.048583984375E-4
647	8.72802734374997E-6
647	1.04766845703125E-4
648	8.697509765625E-6
648	1.0467529296875E-4
649	8.544921875E-6
649	1.044921875E-4
650	8.48388671875005E-6
650	1.043701171875E-4
651	8.63647460937506E-6
651	1.04522705078125E-4
652	8.66699218750003E-6
652	1.04278564453125E-4
653	8.72802734374997E-6
653	1.04095458984375E-4
654	8.63647460937506E-6
654	1.0418701171875E-4
655	8.60595703124994E-6
655	1.0394287109375E-4
656	8.63647460937506E-6
656	1.0406494140625E-4
657	8.75854492187495E-6
657	1.03973388671875E-4
658	8.85009765625E-6
658	1.041259765625E-4
659	8.85009765625E-6
659	1.03973388671875E-4
660	8.63647460937506E-6
660	1.03851318359375E-4
661	8.63647460937506E-6
661	1.03912353515625E-4
662	8.66699218750003E-6
662	1.036376953125E-4
663	8.75854492187495E-6
663	1.03515625E-4
664	8.51440429687503E-6
664	1.0357666015625E-4
665	8.78906250000006E-6
665	1.036376953125E-4
666	8.72802734374997E-6
666	1.033935546875E-4
667	8.63647460937506E-6
667	1.03363037109375E-4
668	8.697509765625E-6
668	1.0333251953125E-4
669	8.72802734374997E-6
669	1.0321044921875E-4
670	8.60595703124994E-6
670	1.031494140625E-4
671	8.72802734374997E-6
671	1.0302734375E-4
672	8.72802734374997E-6
672	1.03179931640625E-4
673	8.85009765625E-6
673	1.02996826171875E-4
674	8.72802734374997E-6
674	1.03057861328125E-4
675	8.66699218750003E-6
675	1.029052734375E-4
676	8.75854492187495E-6
676	1.02935791015625E-4
677	8.75854492187495E-6
677	1.02935791015625E-4
678	8.75854492187495E-6
678	1.0272216796875E-4
679	8.78906250000006E-6
679	1.0272216796875E-4
680	8.75854492187495E-6
680	1.02386474609375E-4
681	8.66699218750003E-6
681	1.024169921875E-4
682	8.57543945312497E-6
682	1.024169921875E-4
683	8.78906250000006E-6
683	1.0247802734375E-4
684	8.51440429687503E-6
684	1.02325439453125E-4
685	8.45336914062494E-6
685	1.02142333984375E-4
686	8.75854492187495E-6
686	1.0205078125E-4
687	8.697509765625E-6
687	1.02020263671875E-4
688	8.60595703124994E-6
688	1.01776123046875E-4
689	8.33129882812506E-6
689	1.01806640625E-4
690	8.45336914062494E-6
690	1.01776123046875E-4
691	8.66699218750003E-6
691	1.01837158203125E-4
692	8.48388671875005E-6
692	1.01715087890625E-4
693	8.57543945312497E-6
693	1.016845703125E-4
694	8.697509765625E-6
694	1.0162353515625E-4
695	8.66699218750003E-6
695	1.0174560546875E-4
696	8.697509765625E-6
696	1.01531982421875E-4
697	8.81958007812503E-6
697	1.01531982421875E-4
698	8.697509765625E-6
698	1.01470947265625E-4
699	8.72802734374997E-6
699	1.014404296875E-4
700	8.697509765625E-6
700	1.0125732421875E-4
701	8.75854492187495E-6
701	1.01287841796875E-4
702	8.78906250000006E-6
702	1.014404296875E-4
703	8.63647460937506E-6
703	1.01043701171875E-4
704	8.78906250000006E-6
704	1.0113525390625E-4
705	8.697509765625E-6
705	1.01287841796875E-4
706	8.78906250000006E-6
706	1.0101318359375E-4
707	8.81958007812503E-6
707	1.0101318359375E-4
708	8.72802734374997E-6
708	1.00677490234375E-4
709	8.75854492187495E-6
709	1.00677490234375E-4
710	8.66699218750003E-6
710	1.0052490234375E-4
711	8.75854492187495E-6
711	1.00494384765625E-4
712	8.91113281249995E-6
712	1.00616455078125E-4
713	8.91113281249995E-6
713	1.00494384765625E-4
714	8.697509765625E-6
714	1.0052490234375E-4
715	8.81958007812503E-6
715	1.0064697265625E-4
716	8.88061523437497E-6
716	1.0052490234375E-4
717	8.94165039062506E-6
717	1.00494384765625E-4
718	8.91113281249995E-6
718	1.0040283203125E-4
719	8.78906250000006E-6
719	1.00311279296875E-4
720	8.85009765625E-6
720	1.0009765625E-4
721	8.72802734374997E-6
721	1.00128173828125E-4
722	8.88061523437497E-6
722	9.991455078125E-5
723	8.78906250000006E-6
723	1.00006103515625E-4
724	8.85009765625E-6
724	1.0003662109375E-4
725	8.697509765625E-6
725	9.991455078125E-5
726	8.60595703124994E-6
726	9.967041015625E-5
727	8.57543945312497E-6
727	9.967041015625E-5
728	8.544921875E-6
728	9.97009277343749E-5
729	8.72802734374997E-6
729	9.9609375E-5
730	8.81958007812503E-6
730	9.94262695312501E-5
731	8.66699218750003E-6
731	9.9609375E-5
732	8.544921875E-6
732	9.93957519531249E-5
733	8.72802734374997E-6
733	9.93957519531249E-5
734	8.78906250000006E-6
734	9.9151611328125E-5
735	8.697509765625E-6
735	9.9029541015625E-5
736	8.544921875E-6
736	9.90905761718749E-5
737	8.51440429687503E-6
737	9.8876953125E-5
738	8.42285156249997E-6
738	9.8876953125E-5
739	8.57543945312497E-6
739	9.8876953125E-5
740	8.66699218750003E-6
740	9.87548828125E-5
741	8.51440429687503E-6
741	9.8907470703125E-5
742	8.697509765625E-6
742	9.88159179687501E-5
743	8.544921875E-6
743	9.857177734375E-5
744	8.544921875E-6
744	9.86633300781251E-5
745	8.544921875E-6
745	9.8541259765625E-5
746	8.63647460937506E-6
746	9.8297119140625E-5
747	8.45336914062494E-6
747	9.85107421875001E-5
748	8.72802734374997E-6
748	9.8419189453125E-5
749	8.75854492187495E-6
749	9.8602294921875E-5
750	8.88061523437497E-6
750	9.83581542968751E-5
751	8.17871093750006E-6
751	8.88977050781251E-5
752	8.75854492187495E-6
752	9.3109130859375E-5
753	8.75854492187495E-6
753	9.57336425781249E-5
754	8.63647460937506E-6
754	9.6771240234375E-5
755	8.697509765625E-6
755	9.72900390625001E-5
756	8.88061523437497E-6
756	9.77172851562499E-5
757	8.85009765625E-6
757	9.79003906250001E-5
758	8.85009765625E-6
758	9.7930908203125E-5
759	8.72802734374997E-6
759	9.79003906250001E-5
760	8.697509765625E-6
760	9.79003906250001E-5
761	8.72802734374997E-6
761	9.783935546875E-5
762	8.48388671875005E-6
762	9.783935546875E-5
763	8.72802734374997E-6
763	9.77783203125E-5
764	8.66699218750003E-6
764	9.78698730468749E-5
765	8.78906250000006E-6
765	9.783935546875E-5
766	8.88061523437497E-6
766	9.78698730468749E-5
767	9.06372070312495E-6
767	9.77478027343751E-5
768	8.88061523437497E-6
768	9.7808837890625E-5
769	8.697509765625E-6
769	9.77172851562499E-5
770	8.78906250000006E-6
770	9.75341796875E-5
771	8.75854492187495E-6
771	9.747314453125E-5
772	8.88061523437497E-6
772	9.74426269531251E-5
773	8.78906250000006E-6
773	9.7412109375E-5
774	8.66699218750003E-6
774	9.72900390625001E-5
775	8.72802734374997E-6
775	9.71374511718751E-5
776	8.30078124999994E-6
776	9.6771240234375E-5
777	8.392333984375E-6
777	9.6923828125E-5
778	8.72802734374997E-6
778	9.71374511718751E-5
779	8.72802734374997E-6
779	9.6893310546875E-5
780	8.66699218750003E-6
780	9.68322753906251E-5
781	8.697509765625E-6
781	9.6923828125E-5
782	8.60595703124994E-6
782	9.674072265625E-5
783	8.66699218750003E-6
783	9.6588134765625E-5
784	8.63647460937506E-6
784	9.65270996093751E-5
785	8.60595703124994E-6
785	9.65270996093751E-5
786	8.78906250000006E-6
786	9.66491699218749E-5
787	8.63647460937506E-6
787	9.65576171875E-5
788	8.72802734374997E-6
788	9.6710205078125E-5
789	8.81958007812503E-6
789	9.6710205078125E-5
790	8.78906250000006E-6
790	9.66491699218749E-5
791	8.85009765625E-6
791	9.65576171875E-5
792	8.85009765625E-6
792	9.6435546875E-5
793	8.88061523437497E-6
793	9.6435546875E-5
794	8.91113281249995E-6
794	9.63439941406249E-5
795	8.544921875E-6
795	9.5977783203125E-5
796	8.60595703124994E-6
796	9.6160888671875E-5
797	8.75854492187495E-6
797	9.6099853515625E-5
798	8.75854492187495E-6
798	9.60693359375001E-5
799	8.81958007812503E-6
799	9.60693359375001E-5
800	8.63647460937506E-6
800	9.5855712890625E-5
801	8.66699218750003E-6
801	9.5855712890625E-5
802	8.78906250000006E-6
802	9.5977783203125E-5
803	8.697509765625E-6
803	9.5947265625E-5
804	8.88061523437497E-6
804	9.58251953125E-5
805	8.45336914062494E-6
805	9.54589843750001E-5
806	8.60595703124994E-6
806	9.56115722656251E-5
807	8.697509765625E-6
807	9.5550537109375E-5
808	8.544921875E-6
808	9.552001953125E-5
809	8.72802734374997E-6
809	9.56115722656251E-5
810	8.75854492187495E-6
810	9.55810546874999E-5
811	8.72802734374997E-6
811	9.53063964843751E-5
812	8.72802734374997E-6
812	9.5489501953125E-5
813	8.66699218750003E-6
813	9.53063964843751E-5
814	8.75854492187495E-6
814	9.521484375E-5
815	8.697509765625E-6
815	9.5245361328125E-5
816	8.66699218750003E-6
816	9.53063964843751E-5
817	8.78906250000006E-6
817	9.5062255859375E-5
818	8.81958007812503E-6
818	9.5245361328125E-5
819	8.72802734374997E-6
819	9.503173828125E-5
820	8.78906250000006E-6
820	9.503173828125E-5
821	8.66699218750003E-6
821	9.4879150390625E-5
822	8.63647460937506E-6
822	9.4818115234375E-5
823	8.72802734374997E-6
823	9.478759765625E-5
824	8.697509765625E-6
824	9.46960449218751E-5
825	8.697509765625E-6
825	9.478759765625E-5
826	8.75854492187495E-6
826	9.47265625E-5
827	8.697509765625E-6
827	9.4757080078125E-5
828	8.81958007812503E-6
828	9.4635009765625E-5
829	8.94165039062506E-6
829	9.4635009765625E-5
830	8.91113281249995E-6
830	9.4635009765625E-5
831	8.97216796875003E-6
831	9.442138671875E-5
832	8.75854492187495E-6
832	9.429931640625E-5
833	8.36181640625003E-6
833	9.40551757812499E-5
834	8.48388671875005E-6
834	9.417724609375E-5
835	8.63647460937506E-6
835	9.4146728515625E-5
836	8.75854492187495E-6
836	9.4329833984375E-5
837	8.75854492187495E-6
837	9.4207763671875E-5
838	8.94165039062506E-6
838	9.4207763671875E-5
839	8.75854492187495E-6
839	9.4024658203125E-5
840	8.81958007812503E-6
840	9.40551757812499E-5
841	8.75854492187495E-6
841	9.4024658203125E-5
842	8.75854492187495E-6
842	9.39331054687501E-5
843	8.57543945312497E-6
843	9.381103515625E-5
844	8.57543945312497E-6
844	9.3658447265625E-5
845	8.697509765625E-6
845	9.37805175781251E-5
846	8.81958007812503E-6
846	9.37499999999999E-5
847	8.63647460937506E-6
847	9.3597412109375E-5
848	8.697509765625E-6
848	9.3597412109375E-5
849	8.66699218750003E-6
849	9.3505859375E-5
850	8.88061523437497E-6
850	9.368896484375E-5
851	8.75854492187495E-6
851	9.36279296875001E-5
852	8.697509765625E-6
852	9.34753417968751E-5
853	8.63647460937506E-6
853	9.33837890625E-5
854	8.75854492187495E-6
854	9.3353271484375E-5
855	8.78906250000006E-6
855	9.31701660156251E-5
856	8.697509765625E-6
856	9.3414306640625E-5
857	8.51440429687503E-6
857	9.326171875E-5
858	8.697509765625E-6
858	9.307861328125E-5
859	8.48388671875005E-6
859	9.30175781250001E-5
860	8.392333984375E-6
860	9.28955078125E-5
861	8.45336914062494E-6
861	9.2926025390625E-5
862	8.66699218750003E-6
862	9.2803955078125E-5
863	8.63647460937506E-6
863	9.295654296875E-5
864	8.81958007812503E-6
864	9.28955078125E-5
865	8.60595703124994E-6
865	9.2926025390625E-5
866	8.75854492187495E-6
866	9.2620849609375E-5
867	8.697509765625E-6
867	9.2803955078125E-5
868	8.697509765625E-6
868	9.27124023437501E-5
869	8.66699218750003E-6
869	9.26818847656249E-5
870	8.66699218750003E-6
870	9.26513671875E-5
871	8.85009765625E-6
871	9.2742919921875E-5
872	8.81958007812503E-6
872	9.2437744140625E-5
873	8.72802734374997E-6
873	9.2437744140625E-5
874	8.72802734374997E-6
874	9.24072265625001E-5
875	8.78906250000006E-6
875	9.2498779296875E-5
876	8.72802734374997E-6
876	9.24072265625001E-5
877	8.88061523437497E-6
877	9.24072265625001E-5
878	8.91113281249995E-6
878	9.2437744140625E-5
879	8.72802734374997E-6
879	9.234619140625E-5
880	8.63647460937506E-6
880	9.2010498046875E-5
881	8.30078124999994E-6
881	9.1888427734375E-5
882	8.57543945312497E-6
882	9.2041015625E-5
883	8.697509765625E-6
883	9.2132568359375E-5
884	8.697509765625E-6
884	9.19494628906251E-5
885	8.72802734374997E-6
885	9.2041015625E-5
886	8.63647460937506E-6
886	9.2010498046875E-5
887	8.697509765625E-6
887	9.19494628906251E-5
888	8.63647460937506E-6
888	9.1888427734375E-5
889	8.63647460937506E-6
889	9.16748046875E-5
890	8.72802734374997E-6
890	9.2041015625E-5
891	8.544921875E-6
891	9.1705322265625E-5
892	8.57543945312497E-6
892	9.1827392578125E-5
893	8.697509765625E-6
893	9.1705322265625E-5
894	8.57543945312497E-6
894	9.14916992187501E-5
895	8.60595703124994E-6
895	9.1552734375E-5
896	8.60595703124994E-6
896	9.1400146484375E-5
897	8.697509765625E-6
897	9.14306640625E-5
898	8.48388671875005E-6
898	9.14916992187501E-5
899	8.392333984375E-6
899	9.1278076171875E-5
900	8.63647460937506E-6
900	9.14611816406249E-5
901	8.63647460937506E-6
901	9.1400146484375E-5
902	8.51440429687503E-6
902	9.112548828125E-5
903	8.42285156249997E-6
903	9.11560058593749E-5
904	8.51440429687503E-6
904	9.10339355468751E-5
905	8.697509765625E-6
905	9.1094970703125E-5
906	8.66699218750003E-6
906	9.11560058593749E-5
907	8.544921875E-6
907	9.0972900390625E-5
908	8.697509765625E-6
908	9.1064453125E-5
909	8.81958007812503E-6
909	9.1094970703125E-5
910	8.697509765625E-6
910	9.10339355468751E-5
911	8.697509765625E-6
911	9.09423828125E-5
912	8.66699218750003E-6
912	9.10339355468751E-5
913	8.66699218750003E-6
913	9.08813476562501E-5
914	8.88061523437497E-6
914	9.0972900390625E-5
915	8.63647460937506E-6
915	9.100341796875E-5
916	8.91113281249995E-6
916	9.08508300781249E-5
917	8.78906250000006E-6
917	9.08203125E-5
918	8.78906250000006E-6
918	9.075927734375E-5
919	8.63647460937506E-6
919	9.06982421874999E-5
920	8.60595703124994E-6
920	9.063720703125E-5
921	8.72802734374997E-6
921	9.063720703125E-5
922	8.85009765625E-6
922	9.063720703125E-5
923	8.697509765625E-6
923	9.05761718750001E-5
924	8.697509765625E-6
924	9.051513671875E-5
925	8.697509765625E-6
925	9.033203125E-5
926	8.697509765625E-6
926	9.0484619140625E-5
927	8.85009765625E-6
927	9.039306640625E-5
928	8.81958007812503E-6
928	9.0362548828125E-5
929	8.85009765625E-6
929	9.0362548828125E-5
930	8.78906250000006E-6
930	9.04541015625E-5
931	8.697509765625E-6
931	9.0301513671875E-5
932	8.81958007812503E-6
932	9.033203125E-5
933	8.78906250000006E-6
933	9.02099609375E-5
934	8.60595703124994E-6
934	9.02404785156249E-5
935	8.697509765625E-6
935	8.9874267578125E-5
936	8.72802734374997E-6
936	9.0057373046875E-5
937	8.72802734374997E-6
937	9.002685546875E-5
938	8.66699218750003E-6
938	8.984375E-5
939	8.78906250000006E-6
939	8.99658203125001E-5
940	8.78906250000006E-6
940	8.99353027343749E-5
941	8.78906250000006E-6
941	8.97216796875E-5
942	8.85009765625E-6
942	8.978271484375E-5
943	8.78906250000006E-6
943	8.984375E-5
944	8.66699218750003E-6
944	8.9691162109375E-5
945	8.544921875E-6
945	8.953857421875E-5
946	8.51440429687503E-6
946	8.941650390625E-5
947	8.45336914062494E-6
947	8.93554687500001E-5
948	8.544921875E-6
948	8.94775390624999E-5
949	8.66699218750003E-6
949	8.941650390625E-5
950	8.72802734374997E-6
950	8.9599609375E-5
951	8.66699218750003E-6
951	8.93554687500001E-5
952	8.544921875E-6
952	8.941650390625E-5
953	8.81958007812503E-6
953	8.93249511718749E-5
954	8.63647460937506E-6
954	8.9263916015625E-5
955	8.63647460937506E-6
955	8.917236328125E-5
956	8.697509765625E-6
956	8.9111328125E-5
957	8.66699218750003E-6
957	8.9141845703125E-5
958	8.697509765625E-6
958	8.9263916015625E-5
959	8.66699218750003E-6
959	8.929443359375E-5
960	8.94165039062506E-6
960	8.89892578125E-5
961	8.544921875E-6
961	8.88977050781251E-5
962	8.66699218750003E-6
962	8.9080810546875E-5
963	8.75854492187495E-6
963	8.8958740234375E-5
964	8.72802734374997E-6
964	8.89892578125E-5
965	8.697509765625E-6
965	8.87451171875001E-5
966	8.66699218750003E-6
966	8.87451171875001E-5
967	8.72802734374997E-6
967	8.87145996093749E-5
968	8.81958007812503E-6
968	8.8836669921875E-5
969	8.57543945312497E-6
969	8.85925292968751E-5
970	8.697509765625E-6
970	8.87145996093749E-5
971	8.88061523437497E-6
971	8.8836669921875E-5
972	8.97216796875003E-6
972	8.8775634765625E-5
973	8.81958007812503E-6
973	8.87451171875001E-5
974	8.78906250000006E-6
974	8.868408203125E-5
975	8.85009765625E-6
975	8.868408203125E-5
976	9.03320312499997E-6
976	8.87451171875001E-5
977	8.94165039062506E-6
977	8.85009765625E-5
978	8.94165039062506E-6
978	8.8531494140625E-5
979	8.85009765625E-6
979	8.85009765625E-5
980	8.91113281249995E-6
980	8.85009765625E-5
981	8.81958007812503E-6
981	8.84399414062501E-5
982	8.72802734374997E-6
982	8.819580078125E-5
983	8.81958007812503E-6
983	8.837890625E-5
984	8.72802734374997E-6
984	8.80126953125E-5
985	8.75854492187495E-6
985	8.81347656250001E-5
986	8.544921875E-6
986	8.807373046875E-5
987	8.81958007812503E-6
987	8.81042480468749E-5
988	8.91113281249995E-6
988	8.81347656250001E-5
989	8.78906250000006E-6
989	8.8226318359375E-5
990	8.72802734374997E-6
990	8.807373046875E-5
991	8.78906250000006E-6
991	8.79821777343751E-5
992	8.85009765625E-6
992	8.7921142578125E-5
993	8.78906250000006E-6
993	8.79821777343751E-5
994	8.75854492187495E-6
994	8.79516601562499E-5
995	8.88061523437497E-6
995	8.7890625E-5
996	8.75854492187495E-6
996	8.7738037109375E-5
997	8.72802734374997E-6
997	8.7799072265625E-5
998	8.697509765625E-6
998	8.76770019531251E-5
999	8.78906250000006E-6
999	8.76464843749999E-5
1000	8.81958007812503E-6
1000	8.7738037109375E-5
