Voltage	Current	Upper Vertex
V	A	V
-0.00244140625	-3.885498046875E-6	1.25 V
-0.0048828125	-4.08843994140625E-6	1.25 V
-0.00732421875	-3.92852783203125E-6	1.25 V
-0.009765625	-4.00177001953125E-6	1.25 V
-0.01220703125	-3.836669921875E-6	1.25 V
-0.0146484375	-4.08416748046875E-6	1.25 V
-0.01708984375	-3.9385986328125E-6	1.25 V
-0.01953125	-3.714599609375E-6	1.25 V
-0.02197265625	-4.1796875E-6	1.25 V
-0.0244140625	-4.4097900390625E-6	1.25 V
-0.02685546875	-4.0252685546875E-6	1.25 V
-0.029296875	-4.14794921875E-6	1.25 V
-0.03173828125	-4.17388916015625E-6	1.25 V
-0.0341796875	-4.38262939453125E-6	1.25 V
-0.03662109375	-3.75244140625E-6	1.25 V
-0.0390625	-4.371337890625E-6	1.25 V
-0.04150390625	-4.39605712890625E-6	1.25 V
-0.0439453125	-4.62066650390625E-6	1.25 V
-0.04638671875	-4.3353271484375E-6	1.25 V
-0.048828125	-4.50836181640625E-6	1.25 V
-0.05126953125	-4.56390380859375E-6	1.25 V
-0.0537109375	-4.31060791015625E-6	1.25 V
-0.05615234375	-4.359130859375E-6	1.25 V
-0.05859375	-4.4903564453125E-6	1.25 V
-0.06103515625	-4.849853515625E-6	1.25 V
-0.0634765625	-4.36431884765625E-6	1.25 V
-0.06591796875	-4.508056640625E-6	1.25 V
-0.068359375	-4.82818603515625E-6	1.25 V
-0.07080078125	-4.80010986328125E-6	1.25 V
-0.0732421875	-4.75128173828125E-6	1.25 V
-0.07568359375	-4.75860595703125E-6	1.25 V
-0.078125	-4.95330810546875E-6	1.25 V
-0.08056640625	-4.8040771484375E-6	1.25 V
-0.0830078125	-4.63714599609375E-6	1.25 V
-0.08544921875	-4.86053466796875E-6	1.25 V
-0.087890625	-4.921875E-6	1.25 V
-0.09033203125	-4.70550537109375E-6	1.25 V
-0.0927734375	-5.12542724609375E-6	1.25 V
-0.09521484375	-4.75311279296875E-6	1.25 V
-0.09765625	-4.93927001953125E-6	1.25 V
-0.10009765625	-4.9346923828125E-6	1.25 V
-0.1025390625	-4.8846435546875E-6	1.25 V
-0.10498046875	-5.2081298828125E-6	1.25 V
-0.107421875	-5.1422119140625E-6	1.25 V
-0.10986328125	-4.87762451171875E-6	1.25 V
-0.1123046875	-5.15045166015625E-6	1.25 V
-0.11474609375	-5.31280517578125E-6	1.25 V
-0.1171875	-5.0323486328125E-6	1.25 V
-0.11962890625	-5.22613525390625E-6	1.25 V
-0.1220703125	-5.3924560546875E-6	1.25 V
-0.12451171875	-5.31158447265625E-6	1.25 V
-0.126953125	-5.2197265625E-6	1.25 V
-0.12939453125	-5.465087890625E-6	1.25 V
-0.1318359375	-5.4241943359375E-6	1.25 V
-0.13427734375	-5.5322265625E-6	1.25 V
-0.13671875	-5.30059814453125E-6	1.25 V
-0.13916015625	-5.5224609375E-6	1.25 V
-0.1416015625	-5.5035400390625E-6	1.25 V
-0.14404296875	-5.36895751953125E-6	1.25 V
-0.146484375	-5.2166748046875E-6	1.25 V
-0.14892578125	-5.53558349609375E-6	1.25 V
-0.1513671875	-5.582275390625E-6	1.25 V
-0.15380859375	-5.3424072265625E-6	1.25 V
-0.15625	-5.264892578125E-6	1.25 V
-0.15869140625	-5.9161376953125E-6	1.25 V
-0.1611328125	-5.777587890625E-6	1.25 V
-0.16357421875	-5.41290283203125E-6	1.25 V
-0.166015625	-5.6634521484375E-6	1.25 V
-0.16845703125	-5.72723388671875E-6	1.25 V
-0.1708984375	-5.66314697265625E-6	1.25 V
-0.17333984375	-5.66009521484375E-6	1.25 V
-0.17578125	-5.6781005859375E-6	1.25 V
-0.17822265625	-5.9320068359375E-6	1.25 V
-0.1806640625	-5.926513671875E-6	1.25 V
-0.18310546875	-5.537109375E-6	1.25 V
-0.185546875	-5.96160888671875E-6	1.25 V
-0.18798828125	-6.1419677734375E-6	1.25 V
-0.1904296875	-6.16455078125E-6	1.25 V
-0.19287109375	-6.3385009765625E-6	1.25 V
-0.1953125	-6.79931640625E-6	1.25 V
-0.19775390625	-6.8756103515625E-6	1.25 V
-0.2001953125	-6.689453125E-6	1.25 V
-0.20263671875	-7.1319580078125E-6	1.25 V
-0.205078125	-6.6986083984375E-6	1.25 V
-0.20751953125	-6.842041015625E-6	1.25 V
-0.2099609375	-6.8817138671875E-6	1.25 V
-0.21240234375	-6.4056396484375E-6	1.25 V
-0.21484375	-6.939697265625E-6	1.25 V
-0.21728515625	-6.9000244140625E-6	1.25 V
-0.2197265625	-6.2744140625E-6	1.25 V
-0.22216796875	-6.8084716796875E-6	1.25 V
-0.224609375	-7.080078125E-6	1.25 V
-0.22705078125	-7.3272705078125E-6	1.25 V
-0.2294921875	-7.04345703125E-6	1.25 V
-0.23193359375	-7.012939453125E-6	1.25 V
-0.234375	-7.2723388671875E-6	1.25 V
-0.23681640625	-6.982421875E-6	1.25 V
-0.2392578125	-7.16552734375E-6	1.25 V
-0.24169921875	-7.275390625E-6	1.25 V
-0.244140625	-7.3760986328125E-6	1.25 V
-0.24658203125	-7.4005126953125E-6	1.25 V
-0.2490234375	-7.31201171875E-6	1.25 V
-0.25146484375	-7.0556640625E-6	1.25 V
-0.25390625	-7.2509765625E-6	1.25 V
-0.25634765625	-7.6904296875E-6	1.25 V
-0.2587890625	-7.2113037109375E-6	1.25 V
-0.26123046875	-7.4920654296875E-6	1.25 V
-0.263671875	-7.7117919921875E-6	1.25 V
-0.26611328125	-7.489013671875E-6	1.25 V
-0.2685546875	-7.5042724609375E-6	1.25 V
-0.27099609375	-7.2998046875E-6	1.25 V
-0.2734375	-7.8125E-6	1.25 V
-0.27587890625	-7.647705078125E-6	1.25 V
-0.2783203125	-7.2113037109375E-6	1.25 V
-0.28076171875	-7.26318359375E-6	1.25 V
-0.283203125	-7.830810546875E-6	1.25 V
-0.28564453125	-8.0810546875E-6	1.25 V
-0.2880859375	-7.5439453125E-6	1.25 V
-0.29052734375	-8.1390380859375E-6	1.25 V
-0.29296875	-7.82470703125E-6	1.25 V
-0.29541015625	-7.7728271484375E-6	1.25 V
-0.2978515625	-7.5775146484375E-6	1.25 V
-0.30029296875	-8.0474853515625E-6	1.25 V
-0.302734375	-8.16650390625E-6	1.25 V
-0.30517578125	-8.0108642578125E-6	1.25 V
-0.3076171875	-7.8369140625E-6	1.25 V
-0.31005859375	-7.574462890625E-6	1.25 V
-0.3125	-7.9559326171875E-6	1.25 V
-0.31494140625	-8.1756591796875E-6	1.25 V
-0.3173828125	-7.7606201171875E-6	1.25 V
-0.31982421875	-8.09326171875E-6	1.25 V
-0.322265625	-8.221435546875E-6	1.25 V
-0.32470703125	-7.916259765625E-6	1.25 V
-0.3271484375	-8.026123046875E-6	1.25 V
-0.32958984375	-7.9498291015625E-6	1.25 V
-0.33203125	-8.251953125E-6	1.25 V
-0.33447265625	-8.111572265625E-6	1.25 V
-0.3369140625	-8.5968017578125E-6	1.25 V
-0.33935546875	-8.4442138671875E-6	1.25 V
-0.341796875	-8.294677734375E-6	1.25 V
-0.34423828125	-8.4320068359375E-6	1.25 V
-0.3466796875	-8.48388671875E-6	1.25 V
-0.34912109375	-8.4808349609375E-6	1.25 V
-0.3515625	-8.4930419921875E-6	1.25 V
-0.35400390625	-8.4625244140625E-6	1.25 V
-0.3564453125	-8.5601806640625E-6	1.25 V
-0.35888671875	-8.453369140625E-6	1.25 V
-0.361328125	-8.1573486328125E-6	1.25 V
-0.36376953125	-8.544921875E-6	1.25 V
-0.3662109375	-8.5723876953125E-6	1.25 V
-0.36865234375	-8.7677001953125E-6	1.25 V
-0.37109375	-8.6395263671875E-6	1.25 V
-0.37353515625	-8.831787109375E-6	1.25 V
-0.3759765625	-8.70361328125E-6	1.25 V
-0.37841796875	-8.587646484375E-6	1.25 V
-0.380859375	-8.7493896484375E-6	1.25 V
-0.38330078125	-9.002685546875E-6	1.25 V
-0.3857421875	-8.7310791015625E-6	1.25 V
-0.38818359375	-8.7371826171875E-6	1.25 V
-0.390625	-8.746337890625E-6	1.25 V
-0.39306640625	-8.7310791015625E-6	1.25 V
-0.3955078125	-9.1278076171875E-6	1.25 V
-0.39794921875	-9.0545654296875E-6	1.25 V
-0.400390625	-9.2926025390625E-6	1.25 V
-0.40283203125	-9.63134765625E-6	1.25 V
-0.4052734375	-8.7890625E-6	1.25 V
-0.40771484375	-9.16748046875E-6	1.25 V
-0.41015625	-8.9752197265625E-6	1.25 V
-0.41259765625	-9.0057373046875E-6	1.25 V
-0.4150390625	-8.9508056640625E-6	1.25 V
-0.41748046875	-9.14306640625E-6	1.25 V
-0.419921875	-8.740234375E-6	1.25 V
-0.42236328125	-9.3109130859375E-6	1.25 V
-0.4248046875	-9.2071533203125E-6	1.25 V
-0.42724609375	-9.246826171875E-6	1.25 V
-0.4296875	-9.5367431640625E-6	1.25 V
-0.43212890625	-9.9212646484375E-6	1.25 V
-0.4345703125	-9.3719482421875E-6	1.25 V
-0.43701171875	-9.149169921875E-6	1.25 V
-0.439453125	-9.710693359375E-6	1.25 V
-0.44189453125	-9.65576171875E-6	1.25 V
-0.4443359375	-9.197998046875E-6	1.25 V
-0.44677734375	-9.7503662109375E-6	1.25 V
-0.44921875	-1.00433349609375E-5	1.25 V
-0.45166015625	-9.7076416015625E-6	1.25 V
-0.4541015625	-9.5703125E-6	1.25 V
-0.45654296875	-9.722900390625E-6	1.25 V
-0.458984375	-9.9212646484375E-6	1.25 V
-0.46142578125	-9.7442626953125E-6	1.25 V
-0.4638671875	-1.0015869140625E-5	1.25 V
-0.46630859375	-9.5611572265625E-6	1.25 V
-0.46875	-1.0009765625E-5	1.25 V
-0.47119140625	-9.7869873046875E-6	1.25 V
-0.4736328125	-9.55810546875E-6	1.25 V
-0.47607421875	-9.94873046875E-6	1.25 V
-0.478515625	-9.9639892578125E-6	1.25 V
-0.48095703125	-9.9822998046875E-6	1.25 V
-0.4833984375	-9.674072265625E-6	1.25 V
-0.48583984375	-1.0052490234375E-5	1.25 V
-0.48828125	-1.00006103515625E-5	1.25 V
-0.49072265625	-1.00006103515625E-5	1.25 V
-0.4931640625	-9.7198486328125E-6	1.25 V
-0.49560546875	-1.0113525390625E-5	1.25 V
-0.498046875	-1.0101318359375E-5	1.25 V
-0.50048828125	-1.031494140625E-5	1.25 V
-0.5029296875	-9.771728515625E-6	1.25 V
-0.50537109375	-9.912109375E-6	1.25 V
-0.5078125	-1.01837158203125E-5	1.25 V
-0.51025390625	-1.02813720703125E-5	1.25 V
-0.5126953125	-1.02813720703125E-5	1.25 V
-0.51513671875	-1.07147216796875E-5	1.25 V
-0.517578125	-1.08489990234375E-5	1.25 V
-0.52001953125	-1.04644775390625E-5	1.25 V
-0.5224609375	-1.08062744140625E-5	1.25 V
-0.52490234375	-1.00738525390625E-5	1.25 V
-0.52734375	-1.065673828125E-5	1.25 V
-0.52978515625	-1.0614013671875E-5	1.25 V
-0.5322265625	-1.038818359375E-5	1.25 V
-0.53466796875	-1.05926513671875E-5	1.25 V
-0.537109375	-1.08917236328125E-5	1.25 V
-0.53955078125	-1.07757568359375E-5	1.25 V
-0.5419921875	-1.04400634765625E-5	1.25 V
-0.54443359375	-1.0693359375E-5	1.25 V
-0.546875	-1.08673095703125E-5	1.25 V
-0.54931640625	-1.08856201171875E-5	1.25 V
-0.5517578125	-1.08551025390625E-5	1.25 V
-0.55419921875	-1.07574462890625E-5	1.25 V
-0.556640625	-1.1090087890625E-5	1.25 V
-0.55908203125	-1.12152099609375E-5	1.25 V
-0.5615234375	-1.053466796875E-5	1.25 V
-0.56396484375	-1.1102294921875E-5	1.25 V
-0.56640625	-1.11602783203125E-5	1.25 V
-0.56884765625	-1.10382080078125E-5	1.25 V
-0.5712890625	-1.1053466796875E-5	1.25 V
-0.57373046875	-1.1260986328125E-5	1.25 V
-0.576171875	-1.123046875E-5	1.25 V
-0.57861328125	-1.13037109375E-5	1.25 V
-0.5810546875	-1.11572265625E-5	1.25 V
-0.58349609375	-1.1151123046875E-5	1.25 V
-0.5859375	-1.14105224609375E-5	1.25 V
-0.58837890625	-1.13922119140625E-5	1.25 V
-0.5908203125	-1.09161376953125E-5	1.25 V
-0.59326171875	-1.1102294921875E-5	1.25 V
-0.595703125	-1.14715576171875E-5	1.25 V
-0.59814453125	-1.14013671875E-5	1.25 V
-0.6005859375	-1.14471435546875E-5	1.25 V
-0.60302734375	-1.1834716796875E-5	1.25 V
-0.60546875	-1.16668701171875E-5	1.25 V
-0.60791015625	-1.15814208984375E-5	1.25 V
-0.6103515625	-1.15509033203125E-5	1.25 V
-0.61279296875	-1.1334228515625E-5	1.25 V
-0.615234375	-1.12640380859375E-5	1.25 V
-0.61767578125	-1.143798828125E-5	1.25 V
-0.6201171875	-1.1358642578125E-5	1.25 V
-0.62255859375	-1.185302734375E-5	1.25 V
-0.625	-1.1572265625E-5	1.25 V
-0.62744140625	-1.15234375E-5	1.25 V
-0.6298828125	-1.17950439453125E-5	1.25 V
-0.63232421875	-1.2115478515625E-5	1.25 V
-0.634765625	-1.182861328125E-5	1.25 V
-0.63720703125	-1.23046875E-5	1.25 V
-0.6396484375	-1.21612548828125E-5	1.25 V
-0.64208984375	-1.19049072265625E-5	1.25 V
-0.64453125	-1.19537353515625E-5	1.25 V
-0.64697265625	-1.175537109375E-5	1.25 V
-0.6494140625	-1.18927001953125E-5	1.25 V
-0.65185546875	-1.1663818359375E-5	1.25 V
-0.654296875	-1.1993408203125E-5	1.25 V
-0.65673828125	-1.2152099609375E-5	1.25 V
-0.6591796875	-1.19903564453125E-5	1.25 V
-0.66162109375	-1.229248046875E-5	1.25 V
-0.6640625	-1.21246337890625E-5	1.25 V
-0.66650390625	-1.2225341796875E-5	1.25 V
-0.6689453125	-1.25152587890625E-5	1.25 V
-0.67138671875	-1.23687744140625E-5	1.25 V
-0.673828125	-1.236572265625E-5	1.25 V
-0.67626953125	-1.23382568359375E-5	1.25 V
-0.6787109375	-1.21185302734375E-5	1.25 V
-0.68115234375	-1.2078857421875E-5	1.25 V
-0.68359375	-1.26739501953125E-5	1.25 V
-0.68603515625	-1.2481689453125E-5	1.25 V
-0.6884765625	-1.25396728515625E-5	1.25 V
-0.69091796875	-1.26861572265625E-5	1.25 V
-0.693359375	-1.30035400390625E-5	1.25 V
-0.69580078125	-1.2628173828125E-5	1.25 V
-0.6982421875	-1.241455078125E-5	1.25 V
-0.70068359375	-1.2384033203125E-5	1.25 V
-0.703125	-1.2432861328125E-5	1.25 V
-0.70556640625	-1.26678466796875E-5	1.25 V
-0.7080078125	-1.27349853515625E-5	1.25 V
-0.71044921875	-1.26861572265625E-5	1.25 V
-0.712890625	-1.30706787109375E-5	1.25 V
-0.71533203125	-1.27471923828125E-5	1.25 V
-0.7177734375	-1.28570556640625E-5	1.25 V
-0.72021484375	-1.3165283203125E-5	1.25 V
-0.72265625	-1.28875732421875E-5	1.25 V
-0.72509765625	-1.27410888671875E-5	1.25 V
-0.7275390625	-1.28814697265625E-5	1.25 V
-0.72998046875	-1.29547119140625E-5	1.25 V
-0.732421875	-1.28509521484375E-5	1.25 V
-0.73486328125	-1.29180908203125E-5	1.25 V
-0.7373046875	-1.29058837890625E-5	1.25 V
-0.73974609375	-1.33056640625E-5	1.25 V
-0.7421875	-1.31317138671875E-5	1.25 V
-0.74462890625	-1.2994384765625E-5	1.25 V
-0.7470703125	-1.2921142578125E-5	1.25 V
-0.74951171875	-1.336669921875E-5	1.25 V
-0.751953125	-1.33514404296875E-5	1.25 V
-0.74951171875	-1.31439208984375E-5	1.25 V
-0.7470703125	-1.29425048828125E-5	1.25 V
-0.74462890625	-1.32110595703125E-5	1.25 V
-0.7421875	-1.28143310546875E-5	1.25 V
-0.73974609375	-1.26556396484375E-5	1.25 V
-0.7373046875	-1.25762939453125E-5	1.25 V
-0.73486328125	-1.2322998046875E-5	1.25 V
-0.732421875	-1.26678466796875E-5	1.25 V
-0.72998046875	-1.2664794921875E-5	1.25 V
-0.7275390625	-1.2451171875E-5	1.25 V
-0.72509765625	-1.324462890625E-5	1.25 V
-0.72265625	-1.26678466796875E-5	1.25 V
-0.72021484375	-1.217041015625E-5	1.25 V
-0.7177734375	-1.24755859375E-5	1.25 V
-0.71533203125	-1.23138427734375E-5	1.25 V
-0.712890625	-1.1810302734375E-5	1.25 V
-0.71044921875	-1.171875E-5	1.25 V
-0.7080078125	-1.197509765625E-5	1.25 V
-0.70556640625	-1.19537353515625E-5	1.25 V
-0.703125	-1.18194580078125E-5	1.25 V
-0.70068359375	-1.22772216796875E-5	1.25 V
-0.6982421875	-1.202392578125E-5	1.25 V
-0.69580078125	-1.17584228515625E-5	1.25 V
-0.693359375	-1.1663818359375E-5	1.25 V
-0.69091796875	-1.1676025390625E-5	1.25 V
-0.6884765625	-1.15753173828125E-5	1.25 V
-0.68603515625	-1.1676025390625E-5	1.25 V
-0.68359375	-1.126708984375E-5	1.25 V
-0.68115234375	-1.1181640625E-5	1.25 V
-0.6787109375	-1.12518310546875E-5	1.25 V
-0.67626953125	-1.0980224609375E-5	1.25 V
-0.673828125	-1.11328125E-5	1.25 V
-0.67138671875	-1.1285400390625E-5	1.25 V
-0.6689453125	-1.1236572265625E-5	1.25 V
-0.66650390625	-1.1358642578125E-5	1.25 V
-0.6640625	-1.085205078125E-5	1.25 V
-0.66162109375	-1.0845947265625E-5	1.25 V
-0.6591796875	-1.1016845703125E-5	1.25 V
-0.65673828125	-1.06292724609375E-5	1.25 V
-0.654296875	-1.077880859375E-5	1.25 V
-0.65185546875	-1.072998046875E-5	1.25 V
-0.6494140625	-1.072998046875E-5	1.25 V
-0.64697265625	-1.07635498046875E-5	1.25 V
-0.64453125	-1.019287109375E-5	1.25 V
-0.64208984375	-1.06842041015625E-5	1.25 V
-0.6396484375	-1.07757568359375E-5	1.25 V
-0.63720703125	-1.03271484375E-5	1.25 V
-0.634765625	-1.0791015625E-5	1.25 V
-0.63232421875	-1.007080078125E-5	1.25 V
-0.6298828125	-9.7808837890625E-6	1.25 V
-0.62744140625	-1.0211181640625E-5	1.25 V
-0.625	-9.9884033203125E-6	1.25 V
-0.62255859375	-9.7259521484375E-6	1.25 V
-0.6201171875	-9.65576171875E-6	1.25 V
-0.61767578125	-9.710693359375E-6	1.25 V
-0.615234375	-9.6405029296875E-6	1.25 V
-0.61279296875	-9.9945068359375E-6	1.25 V
-0.6103515625	-9.7259521484375E-6	1.25 V
-0.60791015625	-9.5916748046875E-6	1.25 V
-0.60546875	-9.70458984375E-6	1.25 V
-0.60302734375	-9.2803955078125E-6	1.25 V
-0.6005859375	-9.5367431640625E-6	1.25 V
-0.59814453125	-9.564208984375E-6	1.25 V
-0.595703125	-9.4879150390625E-6	1.25 V
-0.59326171875	-9.2926025390625E-6	1.25 V
-0.5908203125	-9.3048095703125E-6	1.25 V
-0.58837890625	-9.552001953125E-6	1.25 V
-0.5859375	-8.8226318359375E-6	1.25 V
-0.58349609375	-9.271240234375E-6	1.25 V
-0.5810546875	-9.02099609375E-6	1.25 V
-0.57861328125	-9.0179443359375E-6	1.25 V
-0.576171875	-8.8531494140625E-6	1.25 V
-0.57373046875	-8.880615234375E-6	1.25 V
-0.5712890625	-8.5052490234375E-6	1.25 V
-0.56884765625	-8.7371826171875E-6	1.25 V
-0.56640625	-8.251953125E-6	1.25 V
-0.56396484375	-8.1787109375E-6	1.25 V
-0.5615234375	-8.5723876953125E-6	1.25 V
-0.55908203125	-8.5418701171875E-6	1.25 V
-0.556640625	-8.2183837890625E-6	1.25 V
-0.55419921875	-8.416748046875E-6	1.25 V
-0.5517578125	-8.4869384765625E-6	1.25 V
-0.54931640625	-8.2061767578125E-6	1.25 V
-0.546875	-8.8348388671875E-6	1.25 V
-0.54443359375	-8.3221435546875E-6	1.25 V
-0.5419921875	-7.8277587890625E-6	1.25 V
-0.53955078125	-7.9681396484375E-6	1.25 V
-0.537109375	-8.0291748046875E-6	1.25 V
-0.53466796875	-7.8033447265625E-6	1.25 V
-0.5322265625	-7.9925537109375E-6	1.25 V
-0.52978515625	-7.9681396484375E-6	1.25 V
-0.52734375	-7.659912109375E-6	1.25 V
-0.52490234375	-7.72705078125E-6	1.25 V
-0.5224609375	-7.8460693359375E-6	1.25 V
-0.52001953125	-7.6080322265625E-6	1.25 V
-0.517578125	-7.489013671875E-6	1.25 V
-0.51513671875	-7.5836181640625E-6	1.25 V
-0.5126953125	-7.0953369140625E-6	1.25 V
-0.51025390625	-7.855224609375E-6	1.25 V
-0.5078125	-7.32421875E-6	1.25 V
-0.50537109375	-7.0770263671875E-6	1.25 V
-0.5029296875	-6.92138671875E-6	1.25 V
-0.50048828125	-7.06787109375E-6	1.25 V
-0.498046875	-7.0526123046875E-6	1.25 V
-0.49560546875	-7.18994140625E-6	1.25 V
-0.4931640625	-7.0831298828125E-6	1.25 V
-0.49072265625	-7.0770263671875E-6	1.25 V
-0.48828125	-6.6436767578125E-6	1.25 V
-0.48583984375	-6.9793701171875E-6	1.25 V
-0.4833984375	-6.4971923828125E-6	1.25 V
-0.48095703125	-7.177734375E-6	1.25 V
-0.478515625	-6.6253662109375E-6	1.25 V
-0.47607421875	-6.494140625E-6	1.25 V
-0.4736328125	-6.7779541015625E-6	1.25 V
-0.47119140625	-6.79931640625E-6	1.25 V
-0.46875	-6.23779296875E-6	1.25 V
-0.46630859375	-6.4910888671875E-6	1.25 V
-0.4638671875	-6.4361572265625E-6	1.25 V
-0.46142578125	-6.341552734375E-6	1.25 V
-0.458984375	-5.9539794921875E-6	1.25 V
-0.45654296875	-5.99365234375E-6	1.25 V
-0.4541015625	-6.1859130859375E-6	1.25 V
-0.45166015625	-6.1492919921875E-6	1.25 V
-0.44921875	-5.8868408203125E-6	1.25 V
-0.44677734375	-5.682373046875E-6	1.25 V
-0.4443359375	-5.6060791015625E-6	1.25 V
-0.44189453125	-5.7098388671875E-6	1.25 V
-0.439453125	-5.615234375E-6	1.25 V
-0.43701171875	-5.6488037109375E-6	1.25 V
-0.4345703125	-6.0150146484375E-6	1.25 V
-0.43212890625	-5.511474609375E-6	1.25 V
-0.4296875	-5.413818359375E-6	1.25 V
-0.42724609375	-5.6732177734375E-6	1.25 V
-0.4248046875	-5.987548828125E-6	1.25 V
-0.42236328125	-5.37109375E-6	1.25 V
-0.419921875	-5.2886962890625E-6	1.25 V
-0.41748046875	-4.974365234375E-6	1.25 V
-0.4150390625	-5.6549072265625E-6	1.25 V
-0.41259765625	-5.1605224609375E-6	1.25 V
-0.41015625	-5.5572509765625E-6	1.25 V
-0.40771484375	-5.438232421875E-6	1.25 V
-0.4052734375	-5.1422119140625E-6	1.25 V
-0.40283203125	-4.876708984375E-6	1.25 V
-0.400390625	-4.4891357421875E-6	1.25 V
-0.39794921875	-4.876708984375E-6	1.25 V
-0.3955078125	-4.6844482421875E-6	1.25 V
-0.39306640625	-4.736328125E-6	1.25 V
-0.390625	-4.2236328125E-6	1.25 V
-0.38818359375	-4.22821044921875E-6	1.25 V
-0.3857421875	-4.31549072265625E-6	1.25 V
-0.38330078125	-4.1705322265625E-6	1.25 V
-0.380859375	-4.02374267578125E-6	1.25 V
-0.37841796875	-3.88763427734375E-6	1.25 V
-0.3759765625	-4.18487548828125E-6	1.25 V
-0.37353515625	-3.47564697265625E-6	1.25 V
-0.37109375	-3.731689453125E-6	1.25 V
-0.36865234375	-3.98651123046875E-6	1.25 V
-0.3662109375	-3.7860107421875E-6	1.25 V
-0.36376953125	-3.85955810546875E-6	1.25 V
-0.361328125	-3.7939453125E-6	1.25 V
-0.35888671875	-3.7237548828125E-6	1.25 V
-0.3564453125	-3.69384765625E-6	1.25 V
-0.35400390625	-3.54888916015625E-6	1.25 V
-0.3515625	-3.49639892578125E-6	1.25 V
-0.34912109375	-3.67095947265625E-6	1.25 V
-0.3466796875	-3.3758544921875E-6	1.25 V
-0.34423828125	-3.52752685546875E-6	1.25 V
-0.341796875	-3.3099365234375E-6	1.25 V
-0.33935546875	-3.42315673828125E-6	1.25 V
-0.3369140625	-3.0926513671875E-6	1.25 V
-0.33447265625	-3.20831298828125E-6	1.25 V
-0.33203125	-3.087158203125E-6	1.25 V
-0.32958984375	-3.194580078125E-6	1.25 V
-0.3271484375	-2.89306640625E-6	1.25 V
-0.32470703125	-3.10333251953125E-6	1.25 V
-0.322265625	-2.998046875E-6	1.25 V
-0.31982421875	-2.745361328125E-6	1.25 V
-0.3173828125	-2.87109375E-6	1.25 V
-0.31494140625	-3.00445556640625E-6	1.25 V
-0.3125	-2.66357421875E-6	1.25 V
-0.31005859375	-2.67364501953125E-6	1.25 V
-0.3076171875	-2.645263671875E-6	1.25 V
-0.30517578125	-2.61444091796875E-6	1.25 V
-0.302734375	-2.5189208984375E-6	1.25 V
-0.30029296875	-2.35260009765625E-6	1.25 V
-0.2978515625	-2.61505126953125E-6	1.25 V
-0.29541015625	-2.4102783203125E-6	1.25 V
-0.29296875	-2.27569580078125E-6	1.25 V
-0.29052734375	-1.91131591796875E-6	1.25 V
-0.2880859375	-2.33367919921875E-6	1.25 V
-0.28564453125	-2.4212646484375E-6	1.25 V
-0.283203125	-2.0611572265625E-6	1.25 V
-0.28076171875	-2.2442626953125E-6	1.25 V
-0.2783203125	-2.09259033203125E-6	1.25 V
-0.27587890625	-1.76788330078125E-6	1.25 V
-0.2734375	-2.0050048828125E-6	1.25 V
-0.27099609375	-1.9805908203125E-6	1.25 V
-0.2685546875	-1.89422607421875E-6	1.25 V
-0.26611328125	-1.94091796875E-6	1.25 V
-0.263671875	-1.6424560546875E-6	1.25 V
-0.26123046875	-1.48712158203125E-6	1.25 V
-0.2587890625	-1.67877197265625E-6	1.25 V
-0.25634765625	-1.829833984375E-6	1.25 V
-0.25390625	-1.32781982421875E-6	1.25 V
-0.25146484375	-1.5960693359375E-6	1.25 V
-0.2490234375	-1.60675048828125E-6	1.25 V
-0.24658203125	-1.26190185546875E-6	1.25 V
-0.244140625	-1.3592529296875E-6	1.25 V
-0.24169921875	-1.27166748046875E-6	1.25 V
-0.2392578125	-1.38214111328125E-6	1.25 V
-0.23681640625	-1.26678466796875E-6	1.25 V
-0.234375	-1.3330078125E-6	1.25 V
-0.23193359375	-1.0772705078125E-6	1.25 V
-0.2294921875	-1.12274169921875E-6	1.25 V
-0.22705078125	-1.1822509765625E-6	1.25 V
-0.224609375	-1.043701171875E-6	1.25 V
-0.22216796875	-1.0888671875E-6	1.25 V
-0.2197265625	-8.636474609375E-7	1.25 V
-0.21728515625	-6.7657470703125E-7	1.25 V
-0.21484375	-7.818603515625E-7	1.25 V
-0.21240234375	-9.442138671875E-7	1.25 V
-0.2099609375	-8.416748046875E-7	1.25 V
-0.20751953125	-9.0362548828125E-7	1.25 V
-0.205078125	-8.1878662109375E-7	1.25 V
-0.20263671875	-6.7474365234375E-7	1.25 V
-0.2001953125	-7.879638671875E-7	1.25 V
-0.19775390625	-7.391357421875E-7	1.25 V
-0.1953125	-4.5867919921875E-7	1.25 V
-0.19287109375	-3.6376953125E-7	1.25 V
-0.1904296875	-5.389404296875E-7	1.25 V
-0.18798828125	-3.2379150390625E-7	1.25 V
-0.185546875	-1.434326171875E-7	1.25 V
-0.18310546875	-3.448486328125E-7	1.25 V
-0.1806640625	-2.9266357421875E-7	1.25 V
-0.17822265625	-4.04052734375E-7	1.25 V
-0.17578125	-4.4647216796875E-7	1.25 V
-0.17333984375	-9.6435546875E-8	1.25 V
-0.1708984375	-1.2054443359375E-7	1.25 V
-0.16845703125	-1.6357421875E-7	1.25 V
-0.166015625	-3.631591796875E-8	1.25 V
-0.16357421875	-3.96728515625E-8	1.25 V
-0.1611328125	-6.317138671875E-8	1.25 V
-0.15869140625	3.570556640625E-7	1.25 V
-0.15625	3.057861328125E-7	1.25 V
-0.15380859375	1.26953125E-7	1.25 V
-0.1513671875	2.325439453125E-7	1.25 V
-0.14892578125	1.904296875E-7	1.25 V
-0.146484375	2.7069091796875E-7	1.25 V
-0.14404296875	2.838134765625E-8	1.25 V
-0.1416015625	2.8564453125E-7	1.25 V
-0.13916015625	3.5797119140625E-7	1.25 V
-0.13671875	5.6884765625E-7	1.25 V
-0.13427734375	6.0455322265625E-7	1.25 V
-0.1318359375	3.06396484375E-7	1.25 V
-0.12939453125	5.52978515625E-7	1.25 V
-0.126953125	6.09130859375E-7	1.25 V
-0.12451171875	4.1839599609375E-7	1.25 V
-0.1220703125	5.3253173828125E-7	1.25 V
-0.11962890625	7.5347900390625E-7	1.25 V
-0.1171875	9.5062255859375E-7	1.25 V
-0.11474609375	7.2479248046875E-7	1.25 V
-0.1123046875	8.4381103515625E-7	1.25 V
-0.10986328125	8.013916015625E-7	1.25 V
-0.107421875	1.04766845703125E-6	1.25 V
-0.10498046875	1.187744140625E-6	1.25 V
-0.1025390625	9.70458984375E-7	1.25 V
-0.10009765625	7.940673828125E-7	1.25 V
-0.09765625	1.2890625E-6	1.25 V
-0.09521484375	9.6466064453125E-7	1.25 V
-0.0927734375	1.07391357421875E-6	1.25 V
-0.09033203125	1.1474609375E-6	1.25 V
-0.087890625	1.06964111328125E-6	1.25 V
-0.08544921875	1.23138427734375E-6	1.25 V
-0.0830078125	1.048583984375E-6	1.25 V
-0.08056640625	1.1932373046875E-6	1.25 V
-0.078125	1.3861083984375E-6	1.25 V
-0.07568359375	1.42547607421875E-6	1.25 V
-0.0732421875	1.2738037109375E-6	1.25 V
-0.07080078125	1.29150390625E-6	1.25 V
-0.068359375	1.59454345703125E-6	1.25 V
-0.06591796875	1.2750244140625E-6	1.25 V
-0.0634765625	1.38824462890625E-6	1.25 V
-0.06103515625	1.61041259765625E-6	1.25 V
-0.05859375	1.361083984375E-6	1.25 V
-0.05615234375	1.5325927734375E-6	1.25 V
-0.0537109375	1.57958984375E-6	1.25 V
-0.05126953125	1.82159423828125E-6	1.25 V
-0.048828125	1.68975830078125E-6	1.25 V
-0.04638671875	1.80023193359375E-6	1.25 V
-0.0439453125	1.38702392578125E-6	1.25 V
-0.04150390625	1.7529296875E-6	1.25 V
-0.0390625	1.99554443359375E-6	1.25 V
-0.03662109375	1.61712646484375E-6	1.25 V
-0.0341796875	1.7572021484375E-6	1.25 V
-0.03173828125	1.94915771484375E-6	1.25 V
-0.029296875	2.05780029296875E-6	1.25 V
-0.02685546875	1.68853759765625E-6	1.25 V
-0.0244140625	2.06085205078125E-6	1.25 V
-0.02197265625	2.23876953125E-6	1.25 V
-0.01953125	2.22015380859375E-6	1.25 V
-0.01708984375	2.203369140625E-6	1.25 V
-0.0146484375	2.2772216796875E-6	1.25 V
-0.01220703125	2.32635498046875E-6	1.25 V
-0.009765625	2.28179931640625E-6	1.25 V
-0.00732421875	2.264404296875E-6	1.25 V
-0.0048828125	2.17620849609375E-6	1.25 V
-0.00244140625	2.5323486328125E-6	1.25 V
0	2.42950439453125E-6	1.25 V
0.00244140625	2.4908447265625E-6	1.25 V
0.0048828125	2.36785888671875E-6	1.25 V
0.00732421875	2.55279541015625E-6	1.25 V
0.009765625	2.1905517578125E-6	1.25 V
0.01220703125	2.46246337890625E-6	1.25 V
0.0146484375	2.71087646484375E-6	1.25 V
0.01708984375	2.69775390625E-6	1.25 V
0.01953125	2.91015625E-6	1.25 V
0.02197265625	2.9534912109375E-6	1.25 V
0.0244140625	2.65533447265625E-6	1.25 V
0.02685546875	2.6611328125E-6	1.25 V
0.029296875	2.918701171875E-6	1.25 V
0.03173828125	2.7166748046875E-6	1.25 V
0.0341796875	2.9010009765625E-6	1.25 V
0.03662109375	2.640380859375E-6	1.25 V
0.0390625	3.1365966796875E-6	1.25 V
0.04150390625	2.96356201171875E-6	1.25 V
0.0439453125	3.046875E-6	1.25 V
0.04638671875	2.95074462890625E-6	1.25 V
0.048828125	3.1829833984375E-6	1.25 V
0.05126953125	3.1982421875E-6	1.25 V
0.0537109375	3.04656982421875E-6	1.25 V
0.05615234375	2.85888671875E-6	1.25 V
0.05859375	3.2220458984375E-6	1.25 V
0.06103515625	3.26690673828125E-6	1.25 V
0.0634765625	3.05267333984375E-6	1.25 V
0.06591796875	3.4381103515625E-6	1.25 V
0.068359375	3.436279296875E-6	1.25 V
0.07080078125	3.0889892578125E-6	1.25 V
0.0732421875	3.343505859375E-6	1.25 V
0.07568359375	3.172607421875E-6	1.25 V
0.078125	3.36700439453125E-6	1.25 V
0.08056640625	3.44818115234375E-6	1.25 V
0.0830078125	3.179931640625E-6	1.25 V
0.08544921875	3.37432861328125E-6	1.25 V
0.087890625	3.81561279296875E-6	1.25 V
0.09033203125	3.3660888671875E-6	1.25 V
0.0927734375	3.3203125E-6	1.25 V
0.09521484375	3.88214111328125E-6	1.25 V
0.09765625	3.54522705078125E-6	1.25 V
0.10009765625	3.48663330078125E-6	1.25 V
0.1025390625	3.65234375E-6	1.25 V
0.10498046875	3.90289306640625E-6	1.25 V
0.107421875	3.8568115234375E-6	1.25 V
0.10986328125	3.78204345703125E-6	1.25 V
0.1123046875	3.66668701171875E-6	1.25 V
0.11474609375	4.00177001953125E-6	1.25 V
0.1171875	3.85650634765625E-6	1.25 V
0.11962890625	3.53973388671875E-6	1.25 V
0.1220703125	3.9288330078125E-6	1.25 V
0.12451171875	4.17266845703125E-6	1.25 V
0.126953125	3.95782470703125E-6	1.25 V
0.12939453125	3.9208984375E-6	1.25 V
0.1318359375	4.2010498046875E-6	1.25 V
0.13427734375	4.22698974609375E-6	1.25 V
0.13671875	4.12017822265625E-6	1.25 V
0.13916015625	4.1497802734375E-6	1.25 V
0.1416015625	4.1351318359375E-6	1.25 V
0.14404296875	4.34051513671875E-6	1.25 V
0.146484375	4.0863037109375E-6	1.25 V
0.14892578125	4.2694091796875E-6	1.25 V
0.1513671875	4.3133544921875E-6	1.25 V
0.15380859375	4.40185546875E-6	1.25 V
0.15625	4.35882568359375E-6	1.25 V
0.15869140625	4.13818359375E-6	1.25 V
0.1611328125	4.6087646484375E-6	1.25 V
0.16357421875	4.1351318359375E-6	1.25 V
0.166015625	4.1619873046875E-6	1.25 V
0.16845703125	4.495849609375E-6	1.25 V
0.1708984375	4.5526123046875E-6	1.25 V
0.17333984375	4.42169189453125E-6	1.25 V
0.17578125	4.7637939453125E-6	1.25 V
0.17822265625	4.849853515625E-6	1.25 V
0.1806640625	4.5855712890625E-6	1.25 V
0.18310546875	4.66156005859375E-6	1.25 V
0.185546875	4.808349609375E-6	1.25 V
0.18798828125	4.84771728515625E-6	1.25 V
0.1904296875	4.51629638671875E-6	1.25 V
0.19287109375	4.83062744140625E-6	1.25 V
0.1953125	4.866943359375E-6	1.25 V
0.19775390625	4.98321533203125E-6	1.25 V
0.2001953125	4.5245361328125E-6	1.25 V
0.20263671875	4.8016357421875E-6	1.25 V
0.205078125	5.08453369140625E-6	1.25 V
0.20751953125	5.0823974609375E-6	1.25 V
0.2099609375	4.573974609375E-6	1.25 V
0.21240234375	5.091552734375E-6	1.25 V
0.21484375	5.19256591796875E-6	1.25 V
0.21728515625	5.02838134765625E-6	1.25 V
0.2197265625	5.03692626953125E-6	1.25 V
0.22216796875	5.25299072265625E-6	1.25 V
0.224609375	5.18280029296875E-6	1.25 V
0.22705078125	4.75555419921875E-6	1.25 V
0.2294921875	4.96429443359375E-6	1.25 V
0.23193359375	5.0140380859375E-6	1.25 V
0.234375	5.5999755859375E-6	1.25 V
0.23681640625	4.95574951171875E-6	1.25 V
0.2392578125	5.09979248046875E-6	1.25 V
0.24169921875	5.33721923828125E-6	1.25 V
0.244140625	5.58837890625E-6	1.25 V
0.24658203125	5.15533447265625E-6	1.25 V
0.2490234375	5.57769775390625E-6	1.25 V
0.25146484375	5.7183837890625E-6	1.25 V
0.25390625	5.4217529296875E-6	1.25 V
0.25634765625	5.322265625E-6	1.25 V
0.2587890625	5.50994873046875E-6	1.25 V
0.26123046875	5.62835693359375E-6	1.25 V
0.263671875	5.33782958984375E-6	1.25 V
0.26611328125	5.64453125E-6	1.25 V
0.2685546875	5.57891845703125E-6	1.25 V
0.27099609375	5.8380126953125E-6	1.25 V
0.2734375	5.5938720703125E-6	1.25 V
0.27587890625	5.54046630859375E-6	1.25 V
0.2783203125	5.87921142578125E-6	1.25 V
0.28076171875	5.98968505859375E-6	1.25 V
0.283203125	5.6805419921875E-6	1.25 V
0.28564453125	5.70068359375E-6	1.25 V
0.2880859375	6.065673828125E-6	1.25 V
0.29052734375	6.33544921875E-6	1.25 V
0.29296875	6.0760498046875E-6	1.25 V
0.29541015625	5.926513671875E-6	1.25 V
0.2978515625	6.01806640625E-6	1.25 V
0.30029296875	6.0943603515625E-6	1.25 V
0.302734375	6.5032958984375E-6	1.25 V
0.30517578125	6.402587890625E-6	1.25 V
0.3076171875	6.610107421875E-6	1.25 V
0.31005859375	6.5643310546875E-6	1.25 V
0.3125	6.06689453125E-6	1.25 V
0.31494140625	6.396484375E-6	1.25 V
0.3173828125	6.5460205078125E-6	1.25 V
0.31982421875	6.31103515625E-6	1.25 V
0.322265625	6.439208984375E-6	1.25 V
0.32470703125	6.8084716796875E-6	1.25 V
0.3271484375	6.3262939453125E-6	1.25 V
0.32958984375	7.1441650390625E-6	1.25 V
0.33203125	6.6162109375E-6	1.25 V
0.33447265625	6.689453125E-6	1.25 V
0.3369140625	6.9549560546875E-6	1.25 V
0.33935546875	6.94580078125E-6	1.25 V
0.341796875	6.7535400390625E-6	1.25 V
0.34423828125	6.854248046875E-6	1.25 V
0.3466796875	6.8695068359375E-6	1.25 V
0.34912109375	7.11669921875E-6	1.25 V
0.3515625	6.9671630859375E-6	1.25 V
0.35400390625	7.537841796875E-6	1.25 V
0.3564453125	6.964111328125E-6	1.25 V
0.35888671875	6.79931640625E-6	1.25 V
0.361328125	7.073974609375E-6	1.25 V
0.36376953125	6.8817138671875E-6	1.25 V
0.3662109375	7.049560546875E-6	1.25 V
0.36865234375	7.3150634765625E-6	1.25 V
0.37109375	7.281494140625E-6	1.25 V
0.37353515625	7.1136474609375E-6	1.25 V
0.3759765625	7.5042724609375E-6	1.25 V
0.37841796875	7.4432373046875E-6	1.25 V
0.380859375	7.3150634765625E-6	1.25 V
0.38330078125	7.080078125E-6	1.25 V
0.3857421875	7.1868896484375E-6	1.25 V
0.38818359375	7.48291015625E-6	1.25 V
0.390625	7.7972412109375E-6	1.25 V
0.39306640625	7.4920654296875E-6	1.25 V
0.3955078125	7.7545166015625E-6	1.25 V
0.39794921875	7.928466796875E-6	1.25 V
0.400390625	7.9071044921875E-6	1.25 V
0.40283203125	7.1990966796875E-6	1.25 V
0.4052734375	7.89794921875E-6	1.25 V
0.40771484375	7.7362060546875E-6	1.25 V
0.41015625	7.5592041015625E-6	1.25 V
0.41259765625	7.452392578125E-6	1.25 V
0.4150390625	8.0169677734375E-6	1.25 V
0.41748046875	7.8704833984375E-6	1.25 V
0.419921875	8.0718994140625E-6	1.25 V
0.42236328125	7.7423095703125E-6	1.25 V
0.4248046875	8.001708984375E-6	1.25 V
0.42724609375	7.9864501953125E-6	1.25 V
0.4296875	8.1390380859375E-6	1.25 V
0.43212890625	7.8948974609375E-6	1.25 V
0.4345703125	8.349609375E-6	1.25 V
0.43701171875	8.1756591796875E-6	1.25 V
0.439453125	7.8216552734375E-6	1.25 V
0.44189453125	8.050537109375E-6	1.25 V
0.4443359375	7.9986572265625E-6	1.25 V
0.44677734375	8.19091796875E-6	1.25 V
0.44921875	8.5174560546875E-6	1.25 V
0.45166015625	8.2550048828125E-6	1.25 V
0.4541015625	8.2000732421875E-6	1.25 V
0.45654296875	8.3648681640625E-6	1.25 V
0.458984375	7.9193115234375E-6	1.25 V
0.46142578125	8.563232421875E-6	1.25 V
0.4638671875	8.70361328125E-6	1.25 V
0.46630859375	8.392333984375E-6	1.25 V
0.46875	8.251953125E-6	1.25 V
0.47119140625	8.4381103515625E-6	1.25 V
0.4736328125	8.5357666015625E-6	1.25 V
0.47607421875	8.544921875E-6	1.25 V
0.478515625	8.8287353515625E-6	1.25 V
0.48095703125	8.9263916015625E-6	1.25 V
0.4833984375	8.82568359375E-6	1.25 V
0.48583984375	9.1217041015625E-6	1.25 V
0.48828125	8.9111328125E-6	1.25 V
0.49072265625	8.6944580078125E-6	1.25 V
0.4931640625	8.7799072265625E-6	1.25 V
0.49560546875	8.8714599609375E-6	1.25 V
0.498046875	8.880615234375E-6	1.25 V
0.50048828125	9.0850830078125E-6	1.25 V
0.5029296875	9.16748046875E-6	1.25 V
0.50537109375	8.9569091796875E-6	1.25 V
0.5078125	9.271240234375E-6	1.25 V
0.51025390625	9.3109130859375E-6	1.25 V
0.5126953125	9.2987060546875E-6	1.25 V
0.51513671875	9.381103515625E-6	1.25 V
0.517578125	9.124755859375E-6	1.25 V
0.52001953125	8.89892578125E-6	1.25 V
0.5224609375	9.326171875E-6	1.25 V
0.52490234375	9.405517578125E-6	1.25 V
0.52734375	9.47265625E-6	1.25 V
0.52978515625	9.234619140625E-6	1.25 V
0.5322265625	9.869384765625E-6	1.25 V
0.53466796875	9.36279296875E-6	1.25 V
0.537109375	9.4757080078125E-6	1.25 V
0.53955078125	9.979248046875E-6	1.25 V
0.5419921875	9.60693359375E-6	1.25 V
0.54443359375	9.9456787109375E-6	1.25 V
0.546875	9.9273681640625E-6	1.25 V
0.54931640625	9.7808837890625E-6	1.25 V
0.5517578125	9.783935546875E-6	1.25 V
0.55419921875	9.832763671875E-6	1.25 V
0.556640625	9.70458984375E-6	1.25 V
0.55908203125	9.967041015625E-6	1.25 V
0.5615234375	1.01409912109375E-5	1.25 V
0.56396484375	1.026611328125E-5	1.25 V
0.56640625	9.906005859375E-6	1.25 V
0.56884765625	1.0430908203125E-5	1.25 V
0.5712890625	1.048583984375E-5	1.25 V
0.57373046875	1.02630615234375E-5	1.25 V
0.576171875	1.0430908203125E-5	1.25 V
0.57861328125	1.05133056640625E-5	1.25 V
0.5810546875	1.07574462890625E-5	1.25 V
0.58349609375	1.07330322265625E-5	1.25 V
0.5859375	1.05072021484375E-5	1.25 V
0.58837890625	1.043701171875E-5	1.25 V
0.5908203125	1.0986328125E-5	1.25 V
0.59326171875	1.09893798828125E-5	1.25 V
0.595703125	1.07879638671875E-5	1.25 V
0.59814453125	1.1395263671875E-5	1.25 V
0.6005859375	1.103515625E-5	1.25 V
0.60302734375	1.14105224609375E-5	1.25 V
0.60546875	1.151123046875E-5	1.25 V
0.60791015625	1.13555908203125E-5	1.25 V
0.6103515625	1.15814208984375E-5	1.25 V
0.61279296875	1.180419921875E-5	1.25 V
0.615234375	1.15142822265625E-5	1.25 V
0.61767578125	1.17218017578125E-5	1.25 V
0.6201171875	1.20941162109375E-5	1.25 V
0.62255859375	1.20452880859375E-5	1.25 V
0.625	1.20574951171875E-5	1.25 V
0.62744140625	1.2322998046875E-5	1.25 V
0.6298828125	1.2200927734375E-5	1.25 V
0.63232421875	1.2298583984375E-5	1.25 V
0.634765625	1.26190185546875E-5	1.25 V
0.63720703125	1.246337890625E-5	1.25 V
0.6396484375	1.26983642578125E-5	1.25 V
0.64208984375	1.314697265625E-5	1.25 V
0.64453125	1.292724609375E-5	1.25 V
0.64697265625	1.2762451171875E-5	1.25 V
0.6494140625	1.35223388671875E-5	1.25 V
0.65185546875	1.3543701171875E-5	1.25 V
0.654296875	1.38641357421875E-5	1.25 V
0.65673828125	1.36383056640625E-5	1.25 V
0.6591796875	1.39892578125E-5	1.25 V
0.66162109375	1.436767578125E-5	1.25 V
0.6640625	1.41510009765625E-5	1.25 V
0.66650390625	1.478271484375E-5	1.25 V
0.6689453125	1.473388671875E-5	1.25 V
0.67138671875	1.47491455078125E-5	1.25 V
0.673828125	1.49444580078125E-5	1.25 V
0.67626953125	1.4959716796875E-5	1.25 V
0.6787109375	1.5655517578125E-5	1.25 V
0.68115234375	1.58233642578125E-5	1.25 V
0.68359375	1.57196044921875E-5	1.25 V
0.68603515625	1.62139892578125E-5	1.25 V
0.6884765625	1.6815185546875E-5	1.25 V
0.69091796875	1.64337158203125E-5	1.25 V
0.693359375	1.70684814453125E-5	1.25 V
0.69580078125	1.74163818359375E-5	1.25 V
0.6982421875	1.7584228515625E-5	1.25 V
0.70068359375	1.7877197265625E-5	1.25 V
0.703125	1.8060302734375E-5	1.25 V
0.70556640625	1.83349609375E-5	1.25 V
0.7080078125	1.91253662109375E-5	1.25 V
0.71044921875	1.9537353515625E-5	1.25 V
0.712890625	1.95556640625E-5	1.25 V
0.71533203125	2.01141357421875E-5	1.25 V
0.7177734375	2.0892333984375E-5	1.25 V
0.72021484375	2.0977783203125E-5	1.25 V
0.72265625	2.137451171875E-5	1.25 V
0.72509765625	2.1966552734375E-5	1.25 V
0.7275390625	2.23846435546875E-5	1.25 V
0.72998046875	2.28668212890625E-5	1.25 V
0.732421875	2.3175048828125E-5	1.25 V
0.73486328125	2.3828125E-5	1.25 V
0.7373046875	2.45697021484375E-5	1.25 V
0.73974609375	2.5390625E-5	1.25 V
0.7421875	2.53662109375E-5	1.25 V
0.74462890625	2.61505126953125E-5	1.25 V
0.7470703125	2.711181640625E-5	1.25 V
0.74951171875	2.76763916015625E-5	1.25 V
0.751953125	2.8179931640625E-5	1.25 V
0.75439453125	2.9412841796875E-5	1.25 V
0.7568359375	2.9736328125E-5	1.25 V
0.75927734375	3.0426025390625E-5	1.25 V
0.76171875	3.16650390625E-5	1.25 V
0.76416015625	3.187255859375E-5	1.25 V
0.7666015625	3.28094482421875E-5	1.25 V
0.76904296875	3.4136962890625E-5	1.25 V
0.771484375	3.50799560546875E-5	1.25 V
0.77392578125	3.61114501953125E-5	1.25 V
0.7763671875	3.75579833984375E-5	1.25 V
0.77880859375	3.80340576171875E-5	1.25 V
0.78125	3.93402099609375E-5	1.25 V
0.78369140625	4.04327392578125E-5	1.25 V
0.7861328125	4.17388916015625E-5	1.25 V
0.78857421875	4.28680419921875E-5	1.25 V
0.791015625	4.405517578125E-5	1.25 V
0.79345703125	4.50653076171875E-5	1.25 V
0.7958984375	4.69146728515625E-5	1.25 V
0.79833984375	4.83123779296875E-5	1.25 V
0.80078125	5.0177001953125E-5	1.25 V
0.80322265625	5.1580810546875E-5	1.25 V
0.8056640625	5.340576171875E-5	1.25 V
0.80810546875	5.4656982421875E-5	1.25 V
0.810546875	5.653076171875E-5	1.25 V
0.81298828125	5.8331298828125E-5	1.25 V
0.8154296875	6.0174560546875E-5	1.25 V
0.81787109375	6.8511962890625E-5	1.25 V
0.8203125	6.927490234375E-5	1.25 V
0.82275390625	8.21533203125E-5	1.25 V
0.8251953125	7.952880859375E-5	1.25 V
0.82763671875	7.8399658203125E-5	1.25 V
0.830078125	8.1878662109375E-5	1.25 V
0.83251953125	8.197021484375E-5	1.25 V
0.8349609375	8.4320068359375E-5	1.25 V
0.83740234375	7.5408935546875E-5	1.25 V
0.83984375	8.67919921875E-5	1.25 V
0.84228515625	9.2620849609375E-5	1.25 V
0.8447265625	9.53369140625E-5	1.25 V
0.84716796875	1.00494384765625E-4	1.25 V
0.849609375	1.05224609375E-4	1.25 V
0.85205078125	1.0699462890625E-4	1.25 V
0.8544921875	1.1175537109375E-4	1.25 V
0.85693359375	1.1297607421875E-4	1.25 V
0.859375	1.18743896484375E-4	1.25 V
0.86181640625	1.201171875E-4	1.25 V
0.8642578125	1.22711181640625E-4	1.25 V
0.86669921875	1.26953125E-4	1.25 V
0.869140625	1.328125E-4	1.25 V
0.87158203125	1.34613037109375E-4	1.25 V
0.8740234375	1.41326904296875E-4	1.25 V
0.87646484375	1.49871826171875E-4	1.25 V
0.87890625	1.43524169921875E-4	1.25 V
0.88134765625	1.5350341796875E-4	1.25 V
0.8837890625	1.566162109375E-4	1.25 V
0.88623046875	1.6973876953125E-4	1.25 V
0.888671875	1.68304443359375E-4	1.25 V
0.89111328125	1.7218017578125E-4	1.25 V
0.8935546875	1.800537109375E-4	1.25 V
0.89599609375	1.82891845703125E-4	1.25 V
0.8984375	1.83013916015625E-4	1.25 V
0.90087890625	1.93267822265625E-4	1.25 V
0.9033203125	2.025146484375E-4	1.25 V
0.90576171875	2.1038818359375E-4	1.25 V
0.908203125	2.13653564453125E-4	1.25 V
0.91064453125	2.18048095703125E-4	1.25 V
0.9130859375	2.35137939453125E-4	1.25 V
0.91552734375	2.42645263671875E-4	1.25 V
0.91796875	2.42828369140625E-4	1.25 V
0.92041015625	2.5445556640625E-4	1.25 V
0.9228515625	2.65289306640625E-4	1.25 V
0.92529296875	2.66082763671875E-4	1.25 V
0.927734375	2.78961181640625E-4	1.25 V
0.93017578125	2.8472900390625E-4	1.25 V
0.9326171875	2.94403076171875E-4	1.25 V
0.93505859375	3.02032470703125E-4	1.25 V
0.9375	3.1439208984375E-4	1.25 V
0.93994140625	3.19976806640625E-4	1.25 V
0.9423828125	3.36090087890625E-4	1.25 V
0.94482421875	3.40911865234375E-4	1.25 V
0.947265625	3.51348876953125E-4	1.25 V
0.94970703125	3.702392578125E-4	1.25 V
0.9521484375	3.7286376953125E-4	1.25 V
0.95458984375	3.82415771484375E-4	1.25 V
0.95703125	3.94012451171875E-4	1.25 V
0.95947265625	4.04327392578125E-4	1.25 V
0.9619140625	4.16015625E-4	1.25 V
0.96435546875	4.46563720703125E-4	1.25 V
0.966796875	4.45648193359375E-4	1.25 V
0.96923828125	4.63897705078125E-4	1.25 V
0.9716796875	4.77752685546875E-4	1.25 V
0.97412109375	4.85137939453125E-4	1.25 V
0.9765625	5.04241943359375E-4	1.25 V
0.97900390625	5.15106201171875E-4	1.25 V
0.9814453125	5.3253173828125E-4	1.25 V
0.98388671875	5.42144775390625E-4	1.25 V
0.986328125	5.5743408203125E-4	1.25 V
0.98876953125	5.7183837890625E-4	1.25 V
0.9912109375	5.9405517578125E-4	1.25 V
0.99365234375	5.99212646484375E-4	1.25 V
0.99609375	6.26953125E-4	1.25 V
0.99853515625	6.4849853515625E-4	1.25 V
1.0009765625	6.6650390625E-4	1.25 V
1.00341796875	6.8695068359375E-4	1.25 V
1.005859375	6.9671630859375E-4	1.25 V
1.00830078125	7.1868896484375E-4	1.25 V
1.0107421875	7.4005126953125E-4	1.25 V
1.01318359375	7.659912109375E-4	1.25 V
1.015625	7.80029296875E-4	1.25 V
1.01806640625	8.0322265625E-4	1.25 V
1.0205078125	8.1573486328125E-4	1.25 V
1.02294921875	8.453369140625E-4	1.25 V
1.025390625	8.6273193359375E-4	1.25 V
1.02783203125	8.9019775390625E-4	1.25 V
1.0302734375	9.075927734375E-4	1.25 V
1.03271484375	9.4268798828125E-4	1.25 V
1.03515625	9.60693359375E-4	1.25 V
1.03759765625	9.8876953125E-4	1.25 V
1.0400390625	0.0010101318359375	1.25 V
1.04248046875	0.00103546142578125	1.25 V
1.044921875	0.0010723876953125	1.25 V
1.04736328125	0.00109771728515625	1.25 V
1.0498046875	0.00111602783203125	1.25 V
1.05224609375	0.00114715576171875	1.25 V
1.0546875	0.00117828369140625	1.25 V
1.05712890625	0.001202392578125	1.25 V
1.0595703125	0.0012359619140625	1.25 V
1.06201171875	0.00126434326171875	1.25 V
1.064453125	0.001290283203125	1.25 V
1.06689453125	0.00131317138671875	1.25 V
1.0693359375	0.00135284423828125	1.25 V
1.07177734375	0.0013909912109375	1.25 V
1.07421875	0.00142242431640625	1.25 V
1.07666015625	0.0014544677734375	1.25 V
1.0791015625	0.00148834228515625	1.25 V
1.08154296875	0.0015191650390625	1.25 V
1.083984375	0.00155303955078125	1.25 V
1.08642578125	0.00159759521484375	1.25 V
1.0888671875	0.00161712646484375	1.25 V
1.09130859375	0.00166290283203125	1.25 V
1.09375	0.00170745849609375	1.25 V
1.09619140625	0.0017474365234375	1.25 V
1.0986328125	0.00177520751953125	1.25 V
1.10107421875	0.001815185546875	1.25 V
1.103515625	0.00185455322265625	1.25 V
1.10595703125	0.00189971923828125	1.25 V
1.1083984375	0.00194000244140625	1.25 V
1.11083984375	0.00198150634765625	1.25 V
1.11328125	0.0020196533203125	1.25 V
1.11572265625	0.00206634521484375	1.25 V
1.1181640625	0.002105712890625	1.25 V
1.12060546875	0.00215087890625	1.25 V
1.123046875	0.00220489501953125	1.25 V
1.12548828125	0.0022418212890625	1.25 V
1.1279296875	0.0022979736328125	1.25 V
1.13037109375	0.00233612060546875	1.25 V
1.1328125	0.002374267578125	1.25 V
1.13525390625	0.00242889404296875	1.25 V
1.1376953125	0.002470703125	1.25 V
1.14013671875	0.002537841796875	1.25 V
1.142578125	0.00258392333984375	1.25 V
1.14501953125	0.00263641357421875	1.25 V
1.1474609375	0.002686767578125	1.25 V
1.14990234375	0.00272979736328125	1.25 V
1.15234375	0.00278778076171875	1.25 V
1.15478515625	0.00284515380859375	1.25 V
1.1572265625	0.00289398193359375	1.25 V
1.15966796875	0.0029400634765625	1.25 V
1.162109375	0.0029913330078125	1.25 V
1.16455078125	0.00305389404296875	1.25 V
1.1669921875	0.00312530517578125	1.25 V
1.16943359375	0.00317108154296875	1.25 V
1.171875	0.00323760986328125	1.25 V
1.17431640625	0.00327606201171875	1.25 V
1.1767578125	0.00334014892578125	1.25 V
1.17919921875	0.003399658203125	1.25 V
1.181640625	0.00345611572265625	1.25 V
1.18408203125	0.00350860595703125	1.25 V
1.1865234375	0.00358062744140625	1.25 V
1.18896484375	0.0036456298828125	1.25 V
1.19140625	0.00369598388671875	1.25 V
1.19384765625	0.00377532958984375	1.25 V
1.1962890625	0.00383941650390625	1.25 V
1.19873046875	0.00389984130859375	1.25 V
1.201171875	0.0039556884765625	1.25 V
1.20361328125	0.00403533935546875	1.25 V
1.2060546875	0.00408966064453125	1.25 V
1.20849609375	0.0041668701171875	1.25 V
1.2109375	0.0042193603515625	1.25 V
1.21337890625	0.00430450439453125	1.25 V
1.2158203125	0.004366455078125	1.25 V
1.21826171875	0.00442657470703125	1.25 V
1.220703125	0.004498291015625	1.25 V
1.22314453125	0.00457672119140625	1.25 V
1.2255859375	0.00464324951171875	1.25 V
1.22802734375	0.0047100830078125	1.25 V
1.23046875	0.00479888916015625	1.25 V
1.23291015625	0.00486328125	1.25 V
1.2353515625	0.00494659423828125	1.25 V
1.23779296875	0.00499237060546875	1.25 V
1.240234375	0.00508819580078125	1.25 V
1.24267578125	0.00516754150390625	1.25 V
1.2451171875	0.00523223876953125	1.25 V
1.24755859375	0.00530670166015625	1.25 V
1.25	0.005384521484375	1.25 V
1.24755859375	0.0054095458984375	1.25 V
1.2451171875	0.0054327392578125	1.25 V
1.24267578125	0.0054461669921875	1.25 V
1.240234375	0.00544921875	1.25 V
1.23779296875	0.005452880859375	1.25 V
1.2353515625	0.00545318603515625	1.25 V
1.23291015625	0.00545379638671875	1.25 V
1.23046875	0.00546142578125	1.25 V
1.22802734375	0.0054510498046875	1.25 V
1.2255859375	0.005443115234375	1.25 V
1.22314453125	0.0054486083984375	1.25 V
1.220703125	0.0054315185546875	1.25 V
1.21826171875	0.00543426513671875	1.25 V
1.2158203125	0.0054217529296875	1.25 V
1.21337890625	0.0054254150390625	1.25 V
1.2109375	0.00541259765625	1.25 V
1.20849609375	0.0054046630859375	1.25 V
1.2060546875	0.0053997802734375	1.25 V
1.20361328125	0.005391845703125	1.25 V
1.201171875	0.00537353515625	1.25 V
1.19873046875	0.0053668212890625	1.25 V
1.1962890625	0.00535247802734375	1.25 V
1.19384765625	0.00536041259765625	1.25 V
1.19140625	0.00534088134765625	1.25 V
1.18896484375	0.00533233642578125	1.25 V
1.1865234375	0.00531280517578125	1.25 V
1.18408203125	0.00530426025390625	1.25 V
1.181640625	0.00528594970703125	1.25 V
1.17919921875	0.0052703857421875	1.25 V
1.1767578125	0.0052685546875	1.25 V
1.17431640625	0.005250244140625	1.25 V
1.171875	0.00523223876953125	1.25 V
1.16943359375	0.00521636962890625	1.25 V
1.1669921875	0.0052117919921875	1.25 V
1.16455078125	0.00520233154296875	1.25 V
1.162109375	0.00517730712890625	1.25 V
1.15966796875	0.00516021728515625	1.25 V
1.1572265625	0.00515167236328125	1.25 V
1.15478515625	0.005142822265625	1.25 V
1.15234375	0.0051165771484375	1.25 V
1.14990234375	0.00510162353515625	1.25 V
1.1474609375	0.005091552734375	1.25 V
1.14501953125	0.005062255859375	1.25 V
1.142578125	0.00506195068359375	1.25 V
1.14013671875	0.00503814697265625	1.25 V
1.1376953125	0.00502349853515625	1.25 V
1.13525390625	0.00500396728515625	1.25 V
1.1328125	0.00499053955078125	1.25 V
1.13037109375	0.0049786376953125	1.25 V
1.1279296875	0.00495849609375	1.25 V
1.12548828125	0.0049395751953125	1.25 V
1.123046875	0.00492431640625	1.25 V
1.12060546875	0.00490966796875	1.25 V
1.1181640625	0.00488433837890625	1.25 V
1.11572265625	0.00486083984375	1.25 V
1.11328125	0.00484588623046875	1.25 V
1.11083984375	0.00483001708984375	1.25 V
1.1083984375	0.00480438232421875	1.25 V
1.10595703125	0.004783935546875	1.25 V
1.103515625	0.004786376953125	1.25 V
1.10107421875	0.00474822998046875	1.25 V
1.0986328125	0.00472442626953125	1.25 V
1.09619140625	0.00471771240234375	1.25 V
1.09375	0.00469329833984375	1.25 V
1.09130859375	0.00467742919921875	1.25 V
1.0888671875	0.00464202880859375	1.25 V
1.08642578125	0.0046282958984375	1.25 V
1.083984375	0.00460845947265625	1.25 V
1.08154296875	0.0045880126953125	1.25 V
1.0791015625	0.00457366943359375	1.25 V
1.07666015625	0.00454010009765625	1.25 V
1.07421875	0.00451873779296875	1.25 V
1.07177734375	0.0045123291015625	1.25 V
1.0693359375	0.00448333740234375	1.25 V
1.06689453125	0.0044696044921875	1.25 V
1.064453125	0.004442138671875	1.25 V
1.06201171875	0.00441925048828125	1.25 V
1.0595703125	0.00440643310546875	1.25 V
1.05712890625	0.00436309814453125	1.25 V
1.0546875	0.00434783935546875	1.25 V
1.05224609375	0.004334716796875	1.25 V
1.0498046875	0.00431060791015625	1.25 V
1.04736328125	0.00427886962890625	1.25 V
1.044921875	0.004249267578125	1.25 V
1.04248046875	0.00423614501953125	1.25 V
1.0400390625	0.004222412109375	1.25 V
1.03759765625	0.0041888427734375	1.25 V
1.03515625	0.0041656494140625	1.25 V
1.03271484375	0.00415496826171875	1.25 V
1.0302734375	0.00411834716796875	1.25 V
1.02783203125	0.00409881591796875	1.25 V
1.025390625	0.0040771484375	1.25 V
1.02294921875	0.004051513671875	1.25 V
1.0205078125	0.0040240478515625	1.25 V
1.01806640625	0.00399658203125	1.25 V
1.015625	0.00397674560546875	1.25 V
1.01318359375	0.0039642333984375	1.25 V
1.0107421875	0.0039288330078125	1.25 V
1.00830078125	0.003902587890625	1.25 V
1.005859375	0.00387054443359375	1.25 V
1.00341796875	0.0038720703125	1.25 V
1.0009765625	0.00383087158203125	1.25 V
0.99853515625	0.003817138671875	1.25 V
0.99609375	0.00379180908203125	1.25 V
0.99365234375	0.0037579345703125	1.25 V
0.9912109375	0.0037445068359375	1.25 V
0.98876953125	0.00371002197265625	1.25 V
0.986328125	0.003685302734375	1.25 V
0.98388671875	0.003665771484375	1.25 V
0.9814453125	0.00365692138671875	1.25 V
0.97900390625	0.00362396240234375	1.25 V
0.9765625	0.003599853515625	1.25 V
0.97412109375	0.00357208251953125	1.25 V
0.9716796875	0.00354766845703125	1.25 V
0.96923828125	0.003524169921875	1.25 V
0.966796875	0.00349945068359375	1.25 V
0.96435546875	0.0034625244140625	1.25 V
0.9619140625	0.00344970703125	1.25 V
0.95947265625	0.00342987060546875	1.25 V
0.95703125	0.0033966064453125	1.25 V
0.95458984375	0.0033746337890625	1.25 V
0.9521484375	0.00334869384765625	1.25 V
0.94970703125	0.00331756591796875	1.25 V
0.947265625	0.00331390380859375	1.25 V
0.94482421875	0.00328460693359375	1.25 V
0.9423828125	0.00325469970703125	1.25 V
0.93994140625	0.00322235107421875	1.25 V
0.9375	0.00319854736328125	1.25 V
0.93505859375	0.0031817626953125	1.25 V
0.9326171875	0.00315521240234375	1.25 V
0.93017578125	0.0031268310546875	1.25 V
0.927734375	0.00310455322265625	1.25 V
0.92529296875	0.00308746337890625	1.25 V
0.9228515625	0.00306060791015625	1.25 V
0.92041015625	0.0030194091796875	1.25 V
0.91796875	0.0029962158203125	1.25 V
0.91552734375	0.0029901123046875	1.25 V
0.9130859375	0.00295654296875	1.25 V
0.91064453125	0.00292694091796875	1.25 V
0.908203125	0.002906494140625	1.25 V
0.90576171875	0.00288360595703125	1.25 V
0.9033203125	0.0028607177734375	1.25 V
0.90087890625	0.0028411865234375	1.25 V
0.8984375	0.00281768798828125	1.25 V
0.89599609375	0.00279052734375	1.25 V
0.8935546875	0.00277130126953125	1.25 V
0.89111328125	0.00273712158203125	1.25 V
0.888671875	0.00272216796875	1.25 V
0.88623046875	0.00269989013671875	1.25 V
0.8837890625	0.0026593017578125	1.25 V
0.88134765625	0.0026495361328125	1.25 V
0.87890625	0.00261322021484375	1.25 V
0.87646484375	0.0026031494140625	1.25 V
0.8740234375	0.00256866455078125	1.25 V
0.87158203125	0.0025439453125	1.25 V
0.869140625	0.0025238037109375	1.25 V
0.86669921875	0.00249603271484375	1.25 V
0.8642578125	0.0024810791015625	1.25 V
0.86181640625	0.0024609375	1.25 V
0.859375	0.0024493408203125	1.25 V
0.85693359375	0.00240966796875	1.25 V
0.8544921875	0.00238616943359375	1.25 V
0.85205078125	0.00235504150390625	1.25 V
0.849609375	0.00234832763671875	1.25 V
0.84716796875	0.00232696533203125	1.25 V
0.8447265625	0.00229461669921875	1.25 V
0.84228515625	0.00227874755859375	1.25 V
0.83984375	0.00225006103515625	1.25 V
0.83740234375	0.002230224609375	1.25 V
0.8349609375	0.00219512939453125	1.25 V
0.83251953125	0.00218414306640625	1.25 V
0.830078125	0.0021630859375	1.25 V
0.82763671875	0.0021343994140625	1.25 V
0.8251953125	0.00211090087890625	1.25 V
0.82275390625	0.0020947265625	1.25 V
0.8203125	0.00207794189453125	1.25 V
0.81787109375	0.00205596923828125	1.25 V
0.8154296875	0.0020220947265625	1.25 V
0.81298828125	0.0019964599609375	1.25 V
0.810546875	0.0019805908203125	1.25 V
0.80810546875	0.0019586181640625	1.25 V
0.8056640625	0.00193572998046875	1.25 V
0.80322265625	0.00192138671875	1.25 V
0.80078125	0.0018914794921875	1.25 V
0.79833984375	0.0018780517578125	1.25 V
0.7958984375	0.0018548583984375	1.25 V
0.79345703125	0.0018316650390625	1.25 V
0.791015625	0.0018060302734375	1.25 V
0.78857421875	0.001788330078125	1.25 V
0.7861328125	0.00177276611328125	1.25 V
0.78369140625	0.00174163818359375	1.25 V
0.78125	0.00173492431640625	1.25 V
0.77880859375	0.0016998291015625	1.25 V
0.7763671875	0.001688232421875	1.25 V
0.77392578125	0.0016705322265625	1.25 V
0.771484375	0.0016400146484375	1.25 V
0.76904296875	0.0016339111328125	1.25 V
0.7666015625	0.0015960693359375	1.25 V
0.76416015625	0.00158966064453125	1.25 V
0.76171875	0.001571044921875	1.25 V
0.75927734375	0.0015478515625	1.25 V
0.7568359375	0.00152099609375	1.25 V
0.75439453125	0.0015081787109375	1.25 V
0.751953125	0.001490478515625	1.25 V
0.74951171875	0.00147186279296875	1.25 V
0.7470703125	0.00144561767578125	1.25 V
0.74462890625	0.00142303466796875	1.25 V
0.7421875	0.00140899658203125	1.25 V
0.73974609375	0.001395263671875	1.25 V
0.7373046875	0.00138397216796875	1.25 V
0.73486328125	0.00136016845703125	1.25 V
0.732421875	0.00133636474609375	1.25 V
0.72998046875	0.00132171630859375	1.25 V
0.7275390625	0.0013006591796875	1.25 V
0.72509765625	0.00128143310546875	1.25 V
0.72265625	0.00126190185546875	1.25 V
0.72021484375	0.00124176025390625	1.25 V
0.7177734375	0.00123931884765625	1.25 V
0.71533203125	0.0012017822265625	1.25 V
0.712890625	0.0011907958984375	1.25 V
0.71044921875	0.001171875	1.25 V
0.7080078125	0.00115875244140625	1.25 V
0.70556640625	0.00113861083984375	1.25 V
0.703125	0.0011187744140625	1.25 V
0.70068359375	0.0011181640625	1.25 V
0.6982421875	0.0010919189453125	1.25 V
0.69580078125	0.00107513427734375	1.25 V
0.693359375	0.0010589599609375	1.25 V
0.69091796875	0.00103302001953125	1.25 V
0.6884765625	0.001024169921875	1.25 V
0.68603515625	0.00100799560546875	1.25 V
0.68359375	9.832763671875E-4	1.25 V
0.68115234375	9.82666015625E-4	1.25 V
0.6787109375	9.5916748046875E-4	1.25 V
0.67626953125	9.4329833984375E-4	1.25 V
0.673828125	9.3353271484375E-4	1.25 V
0.67138671875	9.161376953125E-4	1.25 V
0.6689453125	9.02099609375E-4	1.25 V
0.66650390625	8.8775634765625E-4	1.25 V
0.6640625	8.69140625E-4	1.25 V
0.66162109375	8.5113525390625E-4	1.25 V
0.6591796875	8.3770751953125E-4	1.25 V
0.65673828125	8.1146240234375E-4	1.25 V
0.654296875	8.0291748046875E-4	1.25 V
0.65185546875	7.9559326171875E-4	1.25 V
0.6494140625	7.89794921875E-4	1.25 V
0.64697265625	7.65380859375E-4	1.25 V
0.64453125	7.5408935546875E-4	1.25 V
0.64208984375	7.269287109375E-4	1.25 V
0.6396484375	7.1258544921875E-4	1.25 V
0.63720703125	7.1563720703125E-4	1.25 V
0.634765625	6.79931640625E-4	1.25 V
0.63232421875	6.9122314453125E-4	1.25 V
0.6298828125	6.585693359375E-4	1.25 V
0.62744140625	6.494140625E-4	1.25 V
0.625	6.4056396484375E-4	1.25 V
0.62255859375	6.219482421875E-4	1.25 V
0.6201171875	6.18896484375E-4	1.25 V
0.61767578125	5.963134765625E-4	1.25 V
0.615234375	5.9783935546875E-4	1.25 V
0.61279296875	5.79833984375E-4	1.25 V
0.6103515625	5.670166015625E-4	1.25 V
0.60791015625	5.633544921875E-4	1.25 V
0.60546875	5.3741455078125E-4	1.25 V
0.60302734375	5.3131103515625E-4	1.25 V
0.6005859375	5.1544189453125E-4	1.25 V
0.59814453125	5.1483154296875E-4	1.25 V
0.595703125	4.9713134765625E-4	1.25 V
0.59326171875	4.876708984375E-4	1.25 V
0.5908203125	4.74853515625E-4	1.25 V
0.58837890625	4.6319580078125E-4	1.25 V
0.5859375	4.53948974609375E-4	1.25 V
0.58349609375	4.4580078125E-4	1.25 V
0.5810546875	4.37835693359375E-4	1.25 V
0.57861328125	4.19036865234375E-4	1.25 V
0.576171875	4.08294677734375E-4	1.25 V
0.57373046875	4.04510498046875E-4	1.25 V
0.5712890625	3.9288330078125E-4	1.25 V
0.56884765625	3.79974365234375E-4	1.25 V
0.56640625	3.71826171875E-4	1.25 V
0.56396484375	3.7139892578125E-4	1.25 V
0.5615234375	3.55438232421875E-4	1.25 V
0.55908203125	3.51806640625E-4	1.25 V
0.556640625	3.34625244140625E-4	1.25 V
0.55419921875	3.297119140625E-4	1.25 V
0.5517578125	3.20526123046875E-4	1.25 V
0.54931640625	3.15460205078125E-4	1.25 V
0.546875	3.04412841796875E-4	1.25 V
0.54443359375	2.96142578125E-4	1.25 V
0.5419921875	2.86956787109375E-4	1.25 V
0.53955078125	2.84149169921875E-4	1.25 V
0.537109375	2.7191162109375E-4	1.25 V
0.53466796875	2.65899658203125E-4	1.25 V
0.5322265625	2.46978759765625E-4	1.25 V
0.52978515625	2.4688720703125E-4	1.25 V
0.52734375	2.4072265625E-4	1.25 V
0.52490234375	2.29888916015625E-4	1.25 V
0.5224609375	2.2601318359375E-4	1.25 V
0.52001953125	2.15789794921875E-4	1.25 V
0.517578125	2.125244140625E-4	1.25 V
0.51513671875	2.07733154296875E-4	1.25 V
0.5126953125	1.9415283203125E-4	1.25 V
0.51025390625	1.98516845703125E-4	1.25 V
0.5078125	1.876220703125E-4	1.25 V
0.50537109375	1.7535400390625E-4	1.25 V
0.5029296875	1.7401123046875E-4	1.25 V
0.50048828125	1.7315673828125E-4	1.25 V
0.498046875	1.60247802734375E-4	1.25 V
0.49560546875	1.60888671875E-4	1.25 V
0.4931640625	1.59759521484375E-4	1.25 V
0.49072265625	1.48284912109375E-4	1.25 V
0.48828125	1.4013671875E-4	1.25 V
0.48583984375	1.36383056640625E-4	1.25 V
0.4833984375	1.361083984375E-4	1.25 V
0.48095703125	1.2225341796875E-4	1.25 V
0.478515625	1.265869140625E-4	1.25 V
0.47607421875	1.224365234375E-4	1.25 V
0.4736328125	1.18133544921875E-4	1.25 V
0.47119140625	1.07818603515625E-4	1.25 V
0.46875	1.112060546875E-4	1.25 V
0.46630859375	1.0235595703125E-4	1.25 V
0.4638671875	9.68017578125E-5	1.25 V
0.46142578125	9.2620849609375E-5	1.25 V
0.458984375	9.02099609375E-5	1.25 V
0.45654296875	8.9874267578125E-5	1.25 V
0.4541015625	8.4808349609375E-5	1.25 V
0.45166015625	8.502197265625E-5	1.25 V
0.44921875	8.0657958984375E-5	1.25 V
0.44677734375	7.5164794921875E-5	1.25 V
0.4443359375	7.598876953125E-5	1.25 V
0.44189453125	6.634521484375E-5	1.25 V
0.439453125	7.1990966796875E-5	1.25 V
0.43701171875	6.158447265625E-5	1.25 V
0.4345703125	5.535888671875E-5	1.25 V
0.43212890625	5.9112548828125E-5	1.25 V
0.4296875	6.0333251953125E-5	1.25 V
0.42724609375	5.0262451171875E-5	1.25 V
0.4248046875	4.5318603515625E-5	1.25 V
0.42236328125	4.9530029296875E-5	1.25 V
0.419921875	5.517578125E-5	1.25 V
0.41748046875	4.3792724609375E-5	1.25 V
0.4150390625	4.3731689453125E-5	1.25 V
0.41259765625	4.443359375E-5	1.25 V
0.41015625	4.058837890625E-5	1.25 V
0.40771484375	3.7445068359375E-5	1.25 V
0.4052734375	2.90771484375E-5	1.25 V
0.40283203125	2.7642822265625E-5	1.25 V
0.400390625	2.65380859375E-5	1.25 V
0.39794921875	2.50244140625E-5	1.25 V
0.3955078125	2.3687744140625E-5	1.25 V
0.39306640625	2.271728515625E-5	1.25 V
0.390625	2.15850830078125E-5	1.25 V
0.38818359375	1.98516845703125E-5	1.25 V
0.3857421875	1.8914794921875E-5	1.25 V
0.38330078125	1.8377685546875E-5	1.25 V
0.380859375	1.68731689453125E-5	1.25 V
0.37841796875	1.6119384765625E-5	1.25 V
0.3759765625	1.52679443359375E-5	1.25 V
0.37353515625	1.42608642578125E-5	1.25 V
0.37109375	1.3623046875E-5	1.25 V
0.36865234375	1.27197265625E-5	1.25 V
0.3662109375	1.2127685546875E-5	1.25 V
0.36376953125	1.1395263671875E-5	1.25 V
0.361328125	1.0906982421875E-5	1.25 V
0.35888671875	1.0198974609375E-5	1.25 V
0.3564453125	9.5672607421875E-6	1.25 V
0.35400390625	9.3505859375E-6	1.25 V
0.3515625	8.67919921875E-6	1.25 V
0.34912109375	8.26416015625E-6	1.25 V
0.3466796875	7.5408935546875E-6	1.25 V
0.34423828125	7.53173828125E-6	1.25 V
0.341796875	6.768798828125E-6	1.25 V
0.33935546875	6.884765625E-6	1.25 V
0.3369140625	6.0211181640625E-6	1.25 V
0.33447265625	5.712890625E-6	1.25 V
0.33203125	5.79833984375E-6	1.25 V
0.32958984375	4.608154296875E-6	1.25 V
0.3271484375	4.7027587890625E-6	1.25 V
0.32470703125	4.9041748046875E-6	1.25 V
0.322265625	4.3853759765625E-6	1.25 V
0.31982421875	3.8787841796875E-6	1.25 V
0.3173828125	3.65814208984375E-6	1.25 V
0.31494140625	3.297119140625E-6	1.25 V
0.3125	2.87139892578125E-6	1.25 V
0.31005859375	2.821044921875E-6	1.25 V
0.3076171875	2.811279296875E-6	1.25 V
0.30517578125	2.92205810546875E-6	1.25 V
0.302734375	2.41119384765625E-6	1.25 V
0.30029296875	2.34832763671875E-6	1.25 V
0.2978515625	2.37701416015625E-6	1.25 V
0.29541015625	2.08526611328125E-6	1.25 V
0.29296875	1.5496826171875E-6	1.25 V
0.29052734375	1.2518310546875E-6	1.25 V
0.2880859375	1.78985595703125E-6	1.25 V
0.28564453125	1.43463134765625E-6	1.25 V
0.283203125	1.07635498046875E-6	1.25 V
0.28076171875	1.53839111328125E-6	1.25 V
0.2783203125	1.15753173828125E-6	1.25 V
0.27587890625	1.08154296875E-6	1.25 V
0.2734375	1.04888916015625E-6	1.25 V
0.27099609375	8.5968017578125E-7	1.25 V
0.2685546875	9.89990234375E-7	1.25 V
0.26611328125	7.06787109375E-7	1.25 V
0.263671875	4.9224853515625E-7	1.25 V
0.26123046875	4.2633056640625E-7	1.25 V
0.2587890625	3.67431640625E-7	1.25 V
0.25634765625	4.18701171875E-7	1.25 V
0.25390625	7.14111328125E-8	1.25 V
0.25146484375	1.3671875E-7	1.25 V
0.2490234375	-3.11279296875E-8	1.25 V
0.24658203125	5.401611328125E-8	1.25 V
0.244140625	5.18798828125E-9	1.25 V
0.24169921875	-1.739501953125E-8	1.25 V
0.2392578125	-1.129150390625E-7	1.25 V
0.23681640625	-6.134033203125E-8	1.25 V
0.234375	-2.4139404296875E-7	1.25 V
0.23193359375	-5.3619384765625E-7	1.25 V
0.2294921875	-2.838134765625E-7	1.25 V
0.22705078125	-5.609130859375E-7	1.25 V
0.224609375	-7.04345703125E-7	1.25 V
0.22216796875	-5.4351806640625E-7	1.25 V
0.2197265625	-6.280517578125E-7	1.25 V
0.21728515625	-8.2275390625E-7	1.25 V
0.21484375	-5.9295654296875E-7	1.25 V
0.21240234375	-8.3099365234375E-7	1.25 V
0.2099609375	-7.6995849609375E-7	1.25 V
0.20751953125	-8.599853515625E-7	1.25 V
0.205078125	-9.0911865234375E-7	1.25 V
0.20263671875	-1.10260009765625E-6	1.25 V
0.2001953125	-1.19384765625E-6	1.25 V
0.19775390625	-9.7320556640625E-7	1.25 V
0.1953125	-1.2091064453125E-6	1.25 V
0.19287109375	-1.138916015625E-6	1.25 V
0.1904296875	-1.0467529296875E-6	1.25 V
0.18798828125	-1.3934326171875E-6	1.25 V
0.185546875	-1.390380859375E-6	1.25 V
0.18310546875	-1.38397216796875E-6	1.25 V
0.1806640625	-1.50787353515625E-6	1.25 V
0.17822265625	-1.16424560546875E-6	1.25 V
0.17578125	-1.610107421875E-6	1.25 V
0.17333984375	-1.73736572265625E-6	1.25 V
0.1708984375	-1.34796142578125E-6	1.25 V
0.16845703125	-1.6424560546875E-6	1.25 V
0.166015625	-1.6339111328125E-6	1.25 V
0.16357421875	-1.8487548828125E-6	1.25 V
0.1611328125	-1.69036865234375E-6	1.25 V
0.15869140625	-1.866455078125E-6	1.25 V
0.15625	-1.8817138671875E-6	1.25 V
0.15380859375	-2.01751708984375E-6	1.25 V
0.1513671875	-1.62445068359375E-6	1.25 V
0.14892578125	-1.98699951171875E-6	1.25 V
0.146484375	-2.0025634765625E-6	1.25 V
0.14404296875	-2.0758056640625E-6	1.25 V
0.1416015625	-2.18017578125E-6	1.25 V
0.13916015625	-1.6845703125E-6	1.25 V
0.13671875	-2.29156494140625E-6	1.25 V
0.13427734375	-2.26226806640625E-6	1.25 V
0.1318359375	-2.10723876953125E-6	1.25 V
0.12939453125	-2.09014892578125E-6	1.25 V
0.126953125	-2.33612060546875E-6	1.25 V
0.12451171875	-2.15179443359375E-6	1.25 V
0.1220703125	-2.21405029296875E-6	1.25 V
0.11962890625	-2.09442138671875E-6	1.25 V
0.1171875	-2.3492431640625E-6	1.25 V
0.11474609375	-2.58758544921875E-6	1.25 V
0.1123046875	-2.1868896484375E-6	1.25 V
0.10986328125	-2.4871826171875E-6	1.25 V
0.107421875	-2.51922607421875E-6	1.25 V
0.10498046875	-2.67791748046875E-6	1.25 V
0.1025390625	-2.3187255859375E-6	1.25 V
0.10009765625	-2.55859375E-6	1.25 V
0.09765625	-2.4835205078125E-6	1.25 V
0.09521484375	-2.6312255859375E-6	1.25 V
0.0927734375	-2.49359130859375E-6	1.25 V
0.09033203125	-2.7667236328125E-6	1.25 V
0.087890625	-2.90740966796875E-6	1.25 V
0.08544921875	-2.5616455078125E-6	1.25 V
0.0830078125	-2.86376953125E-6	1.25 V
0.08056640625	-2.92999267578125E-6	1.25 V
0.078125	-2.93365478515625E-6	1.25 V
0.07568359375	-3.05816650390625E-6	1.25 V
0.0732421875	-2.81768798828125E-6	1.25 V
0.07080078125	-2.95989990234375E-6	1.25 V
0.068359375	-3.0401611328125E-6	1.25 V
0.06591796875	-2.95318603515625E-6	1.25 V
0.0634765625	-2.9559326171875E-6	1.25 V
0.06103515625	-3.18145751953125E-6	1.25 V
0.05859375	-3.20465087890625E-6	1.25 V
0.05615234375	-3.25958251953125E-6	1.25 V
0.0537109375	-3.31573486328125E-6	1.25 V
0.05126953125	-3.31329345703125E-6	1.25 V
0.048828125	-3.3575439453125E-6	1.25 V
0.04638671875	-3.4613037109375E-6	1.25 V
0.0439453125	-3.3270263671875E-6	1.25 V
0.04150390625	-3.360595703125E-6	1.25 V
0.0390625	-3.1536865234375E-6	1.25 V
0.03662109375	-3.302001953125E-6	1.25 V
0.0341796875	-3.338623046875E-6	1.25 V
0.03173828125	-3.6614990234375E-6	1.25 V
0.029296875	-3.6126708984375E-6	1.25 V
0.02685546875	-3.5614013671875E-6	1.25 V
0.0244140625	-3.61907958984375E-6	1.25 V
0.02197265625	-3.89251708984375E-6	1.25 V
0.01953125	-3.44268798828125E-6	1.25 V
0.01708984375	-3.85162353515625E-6	1.25 V
0.0146484375	-3.69781494140625E-6	1.25 V
0.01220703125	-3.36822509765625E-6	1.25 V
0.009765625	-3.81622314453125E-6	1.25 V
0.00732421875	-3.71246337890625E-6	1.25 V
0.0048828125	-3.851318359375E-6	1.25 V
0.00244140625	-3.955078125E-6	1.25 V
0	-3.74755859375E-6	1.25 V
