Time	Current	Time	Current	Time	Current	Time	Current
s	A	s	A	s	A	s	A
0.8 V	0.8 V	1.2 V	1.2 V	1.4 V	1.4 V	1.6 V	1.6 V
0.0610229998459317	-1.8310546875E-6	0.0610259998459242	-4.2724609375E-6	0.0610149998459519	-5.4931640625E-6	0.0610019998459848	-5.4931640625E-6
0.0611259998456717	-1.220703125E-6	0.0611279998456666	-1.8310546875E-6	0.0611169998456944	-5.18798828125E-6	0.0611039998457272	-4.8828125E-6
0.0612199998454344	-2.44140625E-6	0.0612229998454268	-3.96728515625E-6	0.0612119998454546	-3.35693359375E-6	0.0612069998454672	-4.2724609375E-6
0.0613229998451743	-2.13623046875E-6	0.0613249998451693	-3.35693359375E-6	0.061313999845197	-4.2724609375E-6	0.0613019998452273	-4.8828125E-6
0.0614249998449168	-4.2724609375E-6	0.0614279998449092	-4.2724609375E-6	0.061416999844937	-3.662109375E-6	0.0614039998449698	-4.2724609375E-6
0.0615199998446769	-2.13623046875E-6	0.0615219998446719	-1.220703125E-6	0.0615119998446971	-3.96728515625E-6	0.0615039998447173	-3.96728515625E-6
0.0616219998444194	-2.44140625E-6	0.0616249998444118	3.0517578125E-7	0.0616149998444371	-4.57763671875E-6	0.0616059998444598	-4.8828125E-6
0.0617239998441619	0	0.0617269998441543	-3.96728515625E-6	0.0617169998441796	-2.13623046875E-6	0.0617079998442023	-5.18798828125E-6
0.061818999843922	-1.52587890625E-6	0.0618289998438968	-3.662109375E-6	0.0618109998439422	-3.35693359375E-6	0.0618029998439624	-5.18798828125E-6
0.0619209998436645	-1.52587890625E-6	0.0619239998436569	-3.662109375E-6	0.0619109998436898	-3.662109375E-6	0.0619049998437049	-3.35693359375E-6
0.0620239998434045	-9.1552734375E-7	0.0620269998433969	-1.8310546875E-6	0.0620129998434322	-3.35693359375E-6	0.0620069998434474	-3.96728515625E-6
0.0621189998431646	-1.52587890625E-6	0.062121999843157	-3.662109375E-6	0.0621149998431747	-1.220703125E-6	0.0621019998432075	-3.96728515625E-6
0.0622209998429071	-5.18798828125E-6	0.0622239998428995	-3.662109375E-6	0.0622179998429147	-3.0517578125E-6	0.06220399984295	-3.0517578125E-6
0.0623199998426571	-1.52587890625E-6	0.062325999842642	-3.35693359375E-6	0.0623129998426748	-3.35693359375E-6	0.0623069998426899	-2.44140625E-6
0.0624229998423971	-6.103515625E-7	0.0624259998423895	-2.13623046875E-6	0.0624149998424173	-8.23974609375E-6	0.0624009998424526	-3.0517578125E-6
0.0625249998421396	-2.44140625E-6	0.062527999842132	-2.44140625E-6	0.0625179998421572	-1.220703125E-6	0.0625029998421951	-1.52587890625E-6
0.0626189998419022	-1.52587890625E-6	0.0626219998418946	-3.35693359375E-6	0.0626119998419199	-3.0517578125E-6	0.062605999841935	-2.44140625E-6
0.0627209998416447	-1.52587890625E-6	0.0627249998416346	-2.74658203125E-6	0.0627149998416598	-2.13623046875E-6	0.0627079998416775	-2.74658203125E-6
0.0628239998413846	-1.8310546875E-6	0.0628269998413771	-2.13623046875E-6	0.0628169998414023	-3.35693359375E-6	0.0628029998414377	-2.74658203125E-6
0.0629189998411448	-9.1552734375E-7	0.0629289998411195	-1.220703125E-6	0.0629119998411625	-2.74658203125E-6	0.0629049998411801	-2.74658203125E-6
0.0630209998408873	-1.52587890625E-6	0.0630239998408797	-3.35693359375E-6	0.0630139998409049	-2.74658203125E-6	0.0630079998409201	-2.74658203125E-6
0.0631229998406297	-2.44140625E-6	0.0631259998406222	-2.13623046875E-6	0.0631159998406474	9.1552734375E-7	0.0631019998406828	-3.0517578125E-6
0.0632259998403697	-2.74658203125E-6	0.0632289998403621	-1.8310546875E-6	0.0632109998404076	-2.44140625E-6	0.0632039998404252	-3.0517578125E-6
0.0633199998401324	-1.8310546875E-6	0.0633229998401248	-9.1552734375E-7	0.06331299984015	-3.96728515625E-6	0.0633039998401728	-1.8310546875E-6
0.0634219998398748	-1.220703125E-6	0.0634259998398647	-2.74658203125E-6	0.06341599983989	-3.35693359375E-6	0.0634059998399152	-2.13623046875E-6
0.0635239998396173	-1.220703125E-6	0.0635289998396047	-1.52587890625E-6	0.0635179998396325	-2.44140625E-6	0.0635009998396754	-2.74658203125E-6
0.0636189998393775	-1.220703125E-6	0.0636229998393674	-2.13623046875E-6	0.0636119998393951	-2.74658203125E-6	0.0636029998394179	-3.0517578125E-6
0.0637219998391174	-1.8310546875E-6	0.0637229998391149	-2.44140625E-6	0.0637149998391351	-3.662109375E-6	0.0637049998391603	-2.74658203125E-6
0.0638249998388574	-9.1552734375E-7	0.0638249998388574	-1.220703125E-6	0.0638169998388776	-3.96728515625E-6	0.0638079998389003	-2.13623046875E-6
0.06391899983862	-9.1552734375E-7	0.0639269998385998	-1.8310546875E-6	0.0639119998386377	-1.52587890625E-6	0.063901999838663	-3.0517578125E-6
0.0640209998383625	-9.1552734375E-7	0.06402199983836	-1.52587890625E-6	0.0640139998383802	-1.8310546875E-6	0.0640049998384029	-2.44140625E-6
0.06412099983811	6.103515625E-7	0.0641239998381025	-2.44140625E-6	0.0641159998381227	-9.1552734375E-7	0.0641069998381454	-1.8310546875E-6
0.0642229998378525	-3.0517578125E-7	0.0642259998378449	2.74658203125E-6	0.0642179998378651	-1.8310546875E-6	0.0642019998379055	-2.44140625E-6
0.064324999837595	0	0.0643289998375849	-6.103515625E-7	0.0643129998376253	-1.8310546875E-6	0.064303999837648	-6.103515625E-7
0.0644199998373551	-9.1552734375E-7	0.0644229998373476	-2.44140625E-6	0.0644149998373678	-1.52587890625E-6	0.0644059998373905	-1.8310546875E-6
0.0645219998370976	-2.44140625E-6	0.0645259998370875	-1.8310546875E-6	0.0645179998371077	-2.74658203125E-6	0.0645009998371506	-2.13623046875E-6
0.0646239998368401	0	0.06462799983683	-2.74658203125E-6	0.0646129998368679	-1.8310546875E-6	0.0646029998368931	-1.8310546875E-6
0.0647189998366002	-1.52587890625E-6	0.0647229998365901	-1.8310546875E-6	0.0647159998366078	-3.662109375E-6	0.0647059998366331	-2.74658203125E-6
0.0648209998363427	-3.0517578125E-7	0.0648249998363326	-2.13623046875E-6	0.0648179998363503	-1.8310546875E-6	0.0648009998363932	-2.44140625E-6
0.0649239998360827	-3.0517578125E-7	0.0649269998360751	0	0.064911999836113	-1.52587890625E-6	0.0649039998361332	-1.52587890625E-6
0.0650259998358251	-1.220703125E-6	0.0650219998358352	-1.52587890625E-6	0.0650139998358554	-3.35693359375E-6	0.0650059998358756	-1.8310546875E-6
0.0651199998355878	-3.0517578125E-6	0.0651249998355752	-2.13623046875E-6	0.0651169998355954	6.103515625E-7	0.0651079998356181	-1.52587890625E-6
0.0652229998353278	-2.13623046875E-6	0.0652269998353177	-5.18798828125E-6	0.0652119998353555	-1.8310546875E-6	0.0652019998353808	-3.0517578125E-6
0.0653249998350702	-6.103515625E-7	0.0653219998350778	-9.1552734375E-7	0.065313999835098	-1.52587890625E-6	0.0653049998351207	-1.8310546875E-6
0.0654199998348304	-1.220703125E-6	0.0654239998348203	-2.74658203125E-6	0.065416999834838	-3.0517578125E-7	0.0654069998348632	-1.8310546875E-6
0.0655219998345729	1.52587890625E-6	0.0655229998345703	-1.8310546875E-6	0.0655109998346006	-1.220703125E-6	0.0655019998346233	-2.13623046875E-6
0.0656249998343128	-1.52587890625E-6	0.0656259998343103	-1.220703125E-6	0.0656139998343406	-3.96728515625E-6	0.0656039998343658	-2.44140625E-6
0.065719999834073	3.0517578125E-7	0.0657279998340528	3.0517578125E-6	0.065715999834083	-3.35693359375E-6	0.0657059998341083	-2.44140625E-6
0.0658219998338154	-6.103515625E-7	0.0658219998338154	-1.52587890625E-6	0.0658179998338255	-6.103515625E-7	0.0658089998338482	-1.8310546875E-6
0.0659219998335629	2.13623046875E-6	0.0659239998335579	-2.74658203125E-6	0.0659139998335831	6.103515625E-7	0.0659029998336109	-1.8310546875E-6
0.0660239998333054	-2.74658203125E-6	0.0660269998332979	-1.52587890625E-6	0.0660159998333256	-1.8310546875E-6	0.0660059998333509	-2.13623046875E-6
0.0661259998330479	-9.1552734375E-7	0.0661289998330403	-3.0517578125E-7	0.0661179998330681	-1.8310546875E-6	0.066100999833111	-1.8310546875E-6
0.0662199998328106	-9.1552734375E-7	0.066222999832803	-9.1552734375E-7	0.0662119998328308	-1.52587890625E-6	0.0662029998328535	-1.8310546875E-6
0.0663229998325505	-1.52587890625E-6	0.0663259998325429	-1.8310546875E-6	0.0663149998325707	1.220703125E-6	0.0663059998325934	-1.8310546875E-6
0.066424999832293	-3.0517578125E-7	0.0664279998322854	-1.8310546875E-6	0.0664169998323132	-3.0517578125E-7	0.0664079998323359	-1.8310546875E-6
0.0665199998320531	-6.103515625E-7	0.0665219998320481	-2.13623046875E-6	0.0665109998320759	-2.44140625E-6	0.0665019998320986	-2.13623046875E-6
0.0666219998317956	-6.103515625E-7	0.0666219998317956	-2.13623046875E-6	0.0666139998318158	-6.103515625E-7	0.0666039998318411	-1.8310546875E-6
0.0667239998315381	-1.52587890625E-6	0.0667239998315381	-9.1552734375E-7	0.0667159998315583	-3.0517578125E-7	0.066706999831581	-1.220703125E-6
0.0668189998312982	-9.1552734375E-7	0.0668259998312806	-3.0517578125E-7	0.0668109998313184	3.0517578125E-7	0.0668019998313412	-1.52587890625E-6
0.0669209998310407	-6.103515625E-7	0.0669289998310205	-6.103515625E-7	0.0669129998310609	4.57763671875E-6	0.0669039998310836	-1.220703125E-6
0.0670229998307832	-6.103515625E-7	0.0670239998307807	-1.220703125E-6	0.0670159998308009	-1.8310546875E-6	0.0670059998308261	-2.13623046875E-6
0.0671259998305231	-3.35693359375E-6	0.0671259998305231	-2.44140625E-6	0.067110999830561	-1.220703125E-6	0.0671009998305863	-2.13623046875E-6
0.0672209998302833	-2.74658203125E-6	0.0672289998302631	-2.44140625E-6	0.0672129998303035	-2.13623046875E-6	0.0672029998303287	-9.1552734375E-7
0.0673229998300258	-3.35693359375E-6	0.0673229998300258	-9.1552734375E-7	0.067312999830051	-1.52587890625E-6	0.0673049998300712	0
0.0674259998297657	0	0.0674259998297657	-6.103515625E-7	0.0674149998297935	-3.0517578125E-6	0.0674069998298137	-1.8310546875E-6
0.0675199998295284	-1.220703125E-6	0.0675279998295082	-4.2724609375E-6	0.067516999829536	-1.52587890625E-6	0.0675019998295738	-1.8310546875E-6
0.0676219998292709	-3.0517578125E-7	0.0676229998292683	-1.220703125E-6	0.0676109998292986	-1.220703125E-6	0.0676049998293138	-1.8310546875E-6
0.0677219998290184	2.74658203125E-6	0.0677249998290108	-2.44140625E-6	0.0677139998290386	-2.13623046875E-6	0.0677069998290563	-6.103515625E-7
0.0678239998287609	-1.52587890625E-6	0.0678269998287533	-2.44140625E-6	0.0678159998287811	-2.74658203125E-6	0.0678009998288189	-2.44140625E-6
0.0679259998285033	3.35693359375E-6	0.0679219998285134	-6.103515625E-7	0.0679109998285412	-1.52587890625E-6	0.0679029998285614	-1.220703125E-6
0.068019999828266	6.103515625E-7	0.0680239998282559	-5.18798828125E-6	0.0680129998282837	-1.52587890625E-6	0.0680059998283014	-1.220703125E-6
0.068122999828006	-3.0517578125E-7	0.0681269998279959	-2.44140625E-6	0.0681159998280236	-1.52587890625E-6	0.0681009998280615	-2.74658203125E-6
0.0682249998277484	-9.1552734375E-7	0.0682289998277383	-1.8310546875E-6	0.0682179998277661	-1.52587890625E-6	0.068202999827804	-2.13623046875E-6
0.0683199998275086	-2.74658203125E-6	0.068322999827501	-1.52587890625E-6	0.0683119998275288	-2.74658203125E-6	0.0683059998275439	-1.220703125E-6
0.0684219998272511	-1.220703125E-6	0.068425999827241	-1.52587890625E-6	0.0684139998272713	-6.103515625E-7	0.0684079998272864	-9.1552734375E-7
0.068524999826991	-6.103515625E-7	0.0685279998269834	0	0.0685169998270112	-6.103515625E-7	0.0685069998270365	-1.52587890625E-6
0.0686199998267512	-2.44140625E-6	0.0686229998267436	-6.103515625E-7	0.0686109998267739	-2.44140625E-6	0.0686019998267966	-3.0517578125E-6
0.0687229998264911	0	0.0687249998264861	-2.74658203125E-6	0.0687139998265138	-3.0517578125E-7	0.0687039998265391	-1.8310546875E-6
0.0688249998262336	-1.52587890625E-6	0.068827999826226	-1.220703125E-6	0.0688159998262563	-1.220703125E-6	0.068806999826279	-1.52587890625E-6
0.0689189998259963	-3.0517578125E-7	0.0689229998259862	-9.1552734375E-7	0.0689179998259988	-2.44140625E-6	0.0689009998260417	-9.1552734375E-7
0.0690189998257438	3.0517578125E-7	0.0690249998257286	-1.52587890625E-6	0.0690129998257589	3.0517578125E-7	0.0690029998257842	-2.13623046875E-6
0.0691219998254837	3.0517578125E-6	0.0691239998254787	-1.220703125E-6	0.0691149998255014	-1.220703125E-6	0.0691029998255317	-1.52587890625E-6
0.0692229998252287	0	0.0692269998252186	-3.35693359375E-6	0.0692169998252439	-6.103515625E-7	0.0692049998252742	-1.52587890625E-6
0.0693259998249687	-6.103515625E-7	0.0693289998249611	0	0.0693129998250015	-5.18798828125E-6	0.0693069998250166	-1.220703125E-6
0.0694209998247288	1.52587890625E-6	0.0694229998247238	-1.52587890625E-6	0.069414999824744	-9.1552734375E-7	0.0694019998247768	-1.220703125E-6
0.0695229998244713	6.103515625E-7	0.0695259998244637	-3.0517578125E-7	0.0695169998244864	6.103515625E-7	0.0695039998245193	-9.1552734375E-7
0.0696249998242138	-3.0517578125E-7	0.0696279998242062	-1.220703125E-6	0.069616999824234	-9.1552734375E-7	0.0696059998242617	-3.35693359375E-6
0.0697189998239764	-6.103515625E-7	0.0697229998239663	-1.52587890625E-6	0.0697109998239966	-5.18798828125E-6	0.0697009998240219	-1.8310546875E-6
0.0698219998237164	-9.1552734375E-7	0.0698249998237088	-1.52587890625E-6	0.0698139998237366	-6.103515625E-7	0.0698029998237644	-1.52587890625E-6
0.0699239998234589	-1.8310546875E-6	0.0699269998234513	-1.220703125E-6	0.0699169998234765	-1.52587890625E-6	0.0699059998235043	-9.1552734375E-7
0.0701379998229186	3.7841796875E-5	0.070140999822911	5.92041015625E-5	0.0701309998229362	6.65283203125E-5	0.070119999822964	7.8125E-5
0.0702379998226661	3.0517578125E-5	0.070241999822656	4.638671875E-5	0.0702309998226838	5.645751953125E-5	0.0702199998227115	6.439208984375E-5
0.0703389998224111	2.899169921875E-5	0.0703399998224086	4.486083984375E-5	0.0703319998224288	5.126953125E-5	0.0703209998224565	5.584716796875E-5
0.0704359998221662	2.716064453125E-5	0.070443999822146	4.21142578125E-5	0.0704299998221813	4.852294921875E-5	0.0704189998222091	5.767822265625E-5
0.0705419998218986	2.62451171875E-5	0.0705409998219011	4.08935546875E-5	0.0705339998219188	4.82177734375E-5	0.070523999821944	5.67626953125E-5
0.0706389998216537	2.593994140625E-5	0.0706389998216537	3.90625E-5	0.0706319998216713	4.669189453125E-5	0.0706209998216991	5.523681640625E-5
0.0707369998214062	2.532958984375E-5	0.0707439998213886	3.875732421875E-5	0.0707289998214264	4.57763671875E-5	0.0707179998214542	5.462646484375E-5
0.0708419998211411	2.5634765625E-5	0.0708409998211437	3.936767578125E-5	0.070826999821179	4.638671875E-5	0.0708239998211866	5.523681640625E-5
0.0709389998208962	2.471923828125E-5	0.0709379998208988	3.84521484375E-5	0.0709319998209139	4.547119140625E-5	0.0709219998209392	5.584716796875E-5
0.0710359998206513	2.5634765625E-5	0.0710439998206311	3.753662109375E-5	0.071028999820669	4.547119140625E-5	0.0710189998206943	5.43212890625E-5
0.0711419998203837	2.38037109375E-5	0.0711409998203862	3.692626953125E-5	0.0711339998204039	4.486083984375E-5	0.0711239998204292	5.4931640625E-5
0.0712389998201388	2.44140625E-5	0.0712389998201388	3.753662109375E-5	0.071230999820159	4.45556640625E-5	0.0712219998201817	5.584716796875E-5
0.0713359998198939	2.3193359375E-5	0.0713439998198737	3.60107421875E-5	0.0713299998199091	4.425048828125E-5	0.0713189998199368	5.584716796875E-5
0.0714419998196263	2.44140625E-5	0.0714409998196288	3.72314453125E-5	0.0714269998196642	4.547119140625E-5	0.0714239998196717	5.584716796875E-5
0.0715389998193814	2.44140625E-5	0.0715379998193839	3.72314453125E-5	0.0715319998193991	4.547119140625E-5	0.0715219998194243	5.584716796875E-5
0.0716359998191365	2.410888671875E-5	0.0716439998191163	3.7841796875E-5	0.0716289998191542	4.57763671875E-5	0.0716189998191794	5.767822265625E-5
0.0717409998188714	2.38037109375E-5	0.0717409998188714	3.387451171875E-5	0.0717339998188891	4.5166015625E-5	0.0717239998189143	5.706787109375E-5
0.0718359998186315	2.3193359375E-5	0.0718379998186265	3.96728515625E-5	0.0718319998186416	4.57763671875E-5	0.0718219998186669	5.889892578125E-5
0.0719409998183664	2.3193359375E-5	0.0719439998183589	3.814697265625E-5	0.0719289998183967	4.638671875E-5	0.071918999818422	5.828857421875E-5
0.0720379998181215	2.349853515625E-5	0.072040999818114	3.5400390625E-5	0.0720339998181316	4.608154296875E-5	0.0720239998181569	5.950927734375E-5
0.0721359998178741	2.38037109375E-5	0.0721379998178691	3.814697265625E-5	0.0721279998178943	4.638671875E-5	0.072120999817912	5.92041015625E-5
0.072240999817609	2.410888671875E-5	0.072242999817604	3.753662109375E-5	0.0722329998176292	4.608154296875E-5	0.0722189998176646	6.04248046875E-5
0.0723379998173641	2.288818359375E-5	0.0723379998173641	3.631591796875E-5	0.0723299998173843	4.608154296875E-5	0.0723239998173995	6.16455078125E-5
0.0724349998171192	2.471923828125E-5	0.072442999817099	3.692626953125E-5	0.0724279998171369	4.7607421875E-5	0.072421999817152	6.28662109375E-5
0.0725409998168516	2.349853515625E-5	0.0725399998168541	3.692626953125E-5	0.0725329998168718	4.638671875E-5	0.0725189998169071	6.28662109375E-5
0.0726379998166067	2.38037109375E-5	0.0726379998166067	3.5400390625E-5	0.0726309998166244	4.669189453125E-5	0.0726169998166597	6.34765625E-5
0.0727359998163593	2.25830078125E-5	0.0727429998163416	3.814697265625E-5	0.0727279998163795	4.730224609375E-5	0.0727219998163946	6.4697265625E-5
0.0728409998160942	2.50244140625E-5	0.0728399998160967	3.72314453125E-5	0.0728329998161144	4.730224609375E-5	0.0728189998161497	6.53076171875E-5
0.0729379998158493	2.3193359375E-5	0.0729449998158316	3.692626953125E-5	0.0729309998158669	4.791259765625E-5	0.0729239998158846	6.65283203125E-5
0.0730359998156018	2.25830078125E-5	0.0730389998155943	3.662109375E-5	0.073027999815622	4.82177734375E-5	0.0730209998156397	6.866455078125E-5
0.0731409998153367	2.166748046875E-5	0.0731449998153266	3.7841796875E-5	0.0731329998153569	4.425048828125E-5	0.0731199998153897	6.683349609375E-5
0.0732389998150893	2.593994140625E-5	0.0732419998150817	3.753662109375E-5	0.073229999815112	4.791259765625E-5	0.0732169998151448	6.9580078125E-5
0.0733359998148444	2.288818359375E-5	0.0733399998148343	3.60107421875E-5	0.0733279998148646	4.94384765625E-5	0.0733219998148797	7.110595703125E-5
0.0734409998145793	2.166748046875E-5	0.0734449998145692	3.692626953125E-5	0.0734329998145995	5.126953125E-5	0.0734189998146348	7.171630859375E-5
0.0735379998143344	2.25830078125E-5	0.0735419998143243	3.72314453125E-5	0.0735299998143546	5.126953125E-5	0.0735239998143697	7.32421875E-5
0.073635999814087	2.288818359375E-5	0.0736389998140794	3.814697265625E-5	0.0736279998141072	5.157470703125E-5	0.0736219998141223	7.38525390625E-5
0.0737409998138219	2.410888671875E-5	0.0737449998138118	3.631591796875E-5	0.0737329998138421	5.157470703125E-5	0.0737189998138774	7.537841796875E-5
0.073837999813577	2.288818359375E-5	0.0738419998135669	3.875732421875E-5	0.0738309998135946	5.126953125E-5	0.0738239998136123	7.781982421875E-5
0.0739359998133295	2.288818359375E-5	0.0739399998133194	3.509521484375E-5	0.0739279998133497	5.126953125E-5	0.073917999813375	7.781982421875E-5
0.0740409998130644	2.38037109375E-5	0.0740439998130569	3.90625E-5	0.0740329998130846	5.218505859375E-5	0.0740229998131099	7.843017578125E-5
0.0741379998128195	2.25830078125E-5	0.0741419998128094	3.90625E-5	0.0741269998128473	5.218505859375E-5	0.074119999812865	8.056640625E-5
0.0742359998125721	2.349853515625E-5	0.074239999812562	3.7841796875E-5	0.0742319998125822	5.2490234375E-5	0.0742179998126176	8.1787109375E-5
0.074340999812307	2.38037109375E-5	0.0743449998122969	3.96728515625E-5	0.0743289998123373	5.401611328125E-5	0.0743229998123525	8.056640625E-5
0.0744379998120621	2.38037109375E-5	0.0744429998120495	3.60107421875E-5	0.0744269998120899	5.18798828125E-5	0.074420999812105	8.331298828125E-5
0.0745359998118147	2.288818359375E-5	0.0745389998118071	3.875732421875E-5	0.0745319998118248	5.43212890625E-5	0.0745179998118601	8.4228515625E-5
0.0746409998115496	2.410888671875E-5	0.0746449998115395	3.662109375E-5	0.0746299998115774	5.462646484375E-5	0.074622999811595	8.575439453125E-5
0.0747349998113123	2.288818359375E-5	0.0747419998112946	3.84521484375E-5	0.0747269998113325	5.401611328125E-5	0.0747209998113476	8.758544921875E-5
0.0748399998110472	2.288818359375E-5	0.0748399998110472	4.241943359375E-5	0.0748329998110648	5.523681640625E-5	0.0748179998111027	8.880615234375E-5
0.0749369998108023	2.3193359375E-5	0.0749449998107821	4.150390625E-5	0.0749299998108199	5.645751953125E-5	0.0749229998108376	9.033203125E-5
0.0750349998105548	2.25830078125E-5	0.0750419998105372	3.875732421875E-5	0.075026999810575	5.7373046875E-5	0.0750199998105927	9.1552734375E-5
0.0751399998102897	2.25830078125E-5	0.0751389998102923	3.936767578125E-5	0.0751319998103099	5.67626953125E-5	0.0751179998103453	9.27734375E-5
0.0752369998100448	2.349853515625E-5	0.0752449998100246	3.90625E-5	0.0752299998100625	5.706787109375E-5	0.0752229998100802	9.613037109375E-5
0.0753349998097974	2.38037109375E-5	0.0753419998097797	3.875732421875E-5	0.0753269998098176	5.7373046875E-5	0.0753199998098353	9.46044921875E-5
0.0754399998095323	2.25830078125E-5	0.0754399998095323	3.7841796875E-5	0.0754319998095525	5.7373046875E-5	0.0754179998095879	9.6435546875E-5
0.0755379998092849	2.227783203125E-5	0.0755449998092672	4.2724609375E-5	0.0755299998093051	5.767822265625E-5	0.0755229998093228	9.674072265625E-5
0.07563499980904	2.197265625E-5	0.0756419998090223	3.997802734375E-5	0.0756269998090602	5.859375E-5	0.0756199998090779	9.796142578125E-5
0.0757399998087749	2.349853515625E-5	0.0757399998087749	4.150390625E-5	0.0757329998087926	5.92041015625E-5	0.0757179998088304	9.918212890625E-5
0.07583699980853	2.3193359375E-5	0.0758439998085123	3.96728515625E-5	0.0758299998085477	5.92041015625E-5	0.0758229998085653	1.0101318359375E-4
0.0759349998082826	2.288818359375E-5	0.0759389998082725	3.84521484375E-5	0.0759269998083028	6.04248046875E-5	0.075916999808328	1.025390625E-4
0.0760399998080175	2.349853515625E-5	0.0760439998080074	3.997802734375E-5	0.0760319998080377	6.04248046875E-5	0.0760219998080629	1.03759765625E-4
0.07613799980777	2.288818359375E-5	0.0761409998077625	4.0283203125E-5	0.0761299998077902	6.256103515625E-5	0.076118999807818	1.0345458984375E-4
0.0762349998075251	2.227783203125E-5	0.076238999807515	3.936767578125E-5	0.0762279998075428	6.134033203125E-5	0.0762169998075706	1.0528564453125E-4
0.07633999980726	2.166748046875E-5	0.0763439998072499	4.364013671875E-5	0.0763329998072777	6.16455078125E-5	0.0763219998073055	1.06201171875E-4
0.0764379998070126	2.288818359375E-5	0.076440999807005	4.058837890625E-5	0.0764299998070328	6.2255859375E-5	0.076419999807058	1.07421875E-4
0.0765349998067677	2.3193359375E-5	0.0765389998067576	3.96728515625E-5	0.0765269998067879	6.2255859375E-5	0.0765169998068131	1.0833740234375E-4
0.0766399998065026	1.983642578125E-5	0.0766439998064925	4.119873046875E-5	0.0766329998065203	6.40869140625E-5	0.0766229998065455	1.1016845703125E-4
0.0767369998062577	2.13623046875E-5	0.0767419998062451	4.058837890625E-5	0.0767299998062754	6.34765625E-5	0.0767199998063006	1.1138916015625E-4
0.0768349998060103	2.288818359375E-5	0.0768389998060002	4.119873046875E-5	0.0768279998060279	6.4697265625E-5	0.0768169998060557	1.123046875E-4
0.0769399998057452	2.25830078125E-5	0.0769439998057351	4.0283203125E-5	0.0769329998057628	6.4697265625E-5	0.0769219998057906	1.1474609375E-4
0.0770369998055003	2.3193359375E-5	0.0770409998054902	4.08935546875E-5	0.0770299998055179	6.65283203125E-5	0.0770199998055432	1.153564453125E-4
0.0771349998052528	2.227783203125E-5	0.0771389998052427	4.180908203125E-5	0.0771279998052705	6.591796875E-5	0.0771179998052958	1.165771484375E-4
0.0772399998049877	2.166748046875E-5	0.0772439998049776	3.84521484375E-5	0.0772329998050054	6.561279296875E-5	0.0772229998050307	1.1749267578125E-4
0.0773379998047403	2.25830078125E-5	0.0773419998047302	4.08935546875E-5	0.0773299998047605	6.65283203125E-5	0.0773199998047858	1.214599609375E-4
0.0774349998044954	2.410888671875E-5	0.0774389998044853	4.058837890625E-5	0.0774269998045156	6.683349609375E-5	0.0774169998045409	1.202392578125E-4
0.0775399998042303	2.3193359375E-5	0.0775439998042202	4.364013671875E-5	0.077532999804248	6.683349609375E-5	0.0775229998042732	1.20849609375E-4
0.0776419998039728	2.838134765625E-5	0.0776419998039728	4.21142578125E-5	0.0776299998040031	6.683349609375E-5	0.0776199998040283	1.2115478515625E-4
0.0777389998037279	2.227783203125E-5	0.0777389998037279	4.150390625E-5	0.0777279998037557	6.744384765625E-5	0.0777169998037834	1.239013671875E-4
0.077835999803483	2.3193359375E-5	0.0778439998034628	3.936767578125E-5	0.0778329998034906	6.8359375E-5	0.0778219998035183	1.251220703125E-4
0.0779419998032154	2.349853515625E-5	0.0779409998032179	4.180908203125E-5	0.0779299998032457	6.8359375E-5	0.0779189998032734	1.2542724609375E-4
0.0780399998029679	2.3193359375E-5	0.0780389998029705	4.150390625E-5	0.0780269998030008	7.01904296875E-5	0.078016999803026	1.2603759765625E-4
0.078136999802723	2.25830078125E-5	0.0781449998027028	4.425048828125E-5	0.0781329998027331	6.988525390625E-5	0.0781219998027609	1.287841796875E-4
0.0782419998024579	2.25830078125E-5	0.0782419998024579	4.33349609375E-5	0.0782299998024882	7.01904296875E-5	0.078218999802516	1.2847900390625E-4
0.0783359998022206	2.349853515625E-5	0.078338999802213	4.33349609375E-5	0.0783269998022433	7.476806640625E-5	0.0783169998022686	1.287841796875E-4
0.0784409998019555	2.38037109375E-5	0.0784449998019454	4.150390625E-5	0.0784329998019757	7.14111328125E-5	0.0784219998020035	1.312255859375E-4
0.0785379998017106	2.25830078125E-5	0.0785419998017005	4.2724609375E-5	0.0785299998017308	7.232666015625E-5	0.0785199998017561	1.324462890625E-4
0.0786359998014632	2.349853515625E-5	0.0786399998014531	4.39453125E-5	0.0786279998014834	7.14111328125E-5	0.0786169998015112	1.33056640625E-4
0.0787409998011981	2.227783203125E-5	0.078744999801188	4.486083984375E-5	0.0787319998012208	7.354736328125E-5	0.0787219998012461	1.3458251953125E-4
0.0788389998009507	2.227783203125E-5	0.0788419998009431	4.5166015625E-5	0.078826999800981	7.26318359375E-5	0.0788239998009885	1.416015625E-4
0.0789359998007058	2.410888671875E-5	0.0789399998006957	4.2724609375E-5	0.0789319998007159	7.293701171875E-5	0.0789209998007436	1.373291015625E-4
0.0790419998004381	2.25830078125E-5	0.0790449998004306	4.364013671875E-5	0.079028999800471	7.38525390625E-5	0.0790189998004962	1.3824462890625E-4
0.0791399998001907	2.166748046875E-5	0.0791419998001857	4.364013671875E-5	0.0791269998002235	7.26318359375E-5	0.0791239998002311	1.3946533203125E-4
0.0792369997999458	2.25830078125E-5	0.0792389997999408	4.241943359375E-5	0.0792319997999584	7.50732421875E-5	0.0792219997999837	1.3946533203125E-4
0.0793419997996807	2.166748046875E-5	0.0793449997996731	4.425048828125E-5	0.0793289997997135	7.4462890625E-5	0.0793189997997388	1.409912109375E-4
0.0794389997994358	2.349853515625E-5	0.0794419997994282	3.753662109375E-5	0.0794339997994484	7.50732421875E-5	0.0794239997994737	1.422119140625E-4
0.0795369997991884	2.25830078125E-5	0.0795389997991833	4.45556640625E-5	0.0795279997992111	7.62939453125E-5	0.0795179997992363	1.42822265625E-4
0.0796419997989233	2.3193359375E-5	0.0796439997989182	4.45556640625E-5	0.0796339997989435	7.6904296875E-5	0.0796229997989713	1.4495849609375E-4
0.0797389997986784	2.25830078125E-5	0.0797419997986708	4.5166015625E-5	0.0797309997986986	7.659912109375E-5	0.0797209997987238	1.458740234375E-4
0.0798359997984335	2.288818359375E-5	0.0798389997984259	4.39453125E-5	0.0798289997984512	7.62939453125E-5	0.0798179997984789	1.46484375E-4
0.0799419997981659	2.197265625E-5	0.0799449997981583	4.425048828125E-5	0.0799339997981861	7.843017578125E-5	0.0799229997982138	1.470947265625E-4
0.0801579997976205	-1.46484375E-5	0.0801609997976129	-2.349853515625E-5	0.0801509997976382	-2.50244140625E-5	0.080139999797666	-2.99072265625E-5
0.0802559997973731	-8.23974609375E-6	0.080259999797363	-1.46484375E-5	0.0802489997973908	-1.556396484375E-5	0.080238999797416	-1.861572265625E-5
0.080360999797108	-4.57763671875E-6	0.0803649997970979	-9.46044921875E-6	0.0803469997971433	-1.28173828125E-5	0.0803439997971509	-1.190185546875E-5
0.0804549997968707	-4.8828125E-6	0.0804589997968606	-8.23974609375E-6	0.0804489997968858	-1.0986328125E-5	0.0804379997969136	-1.068115234375E-5
0.0805549997966182	-1.52587890625E-6	0.0805619997966005	-7.62939453125E-6	0.0805509997966283	-8.85009765625E-6	0.0805409997966535	-4.2724609375E-6
0.0806569997963607	-4.2724609375E-6	0.0806649997963405	-5.4931640625E-6	0.0806529997963708	-7.01904296875E-6	0.080642999796396	-8.544921875E-6
0.0807589997961031	-2.74658203125E-6	0.0807589997961031	-4.8828125E-6	0.0807479997961309	-2.13623046875E-6	0.0807369997961587	-7.32421875E-6
0.0808619997958431	-3.0517578125E-6	0.0808589997958507	-4.57763671875E-6	0.0808469997958809	-4.8828125E-6	0.0808369997959062	-7.01904296875E-6
0.0809569997956032	-2.13623046875E-6	0.0809609997955931	-2.74658203125E-6	0.0809499997956209	-6.103515625E-6	0.0809389997956487	-7.32421875E-6
0.0810589997953457	-2.13623046875E-6	0.0810629997953356	-3.96728515625E-6	0.0810519997953634	-2.74658203125E-6	0.0810409997953911	-7.9345703125E-6
0.0811619997950856	-2.44140625E-6	0.0811579997950957	-4.2724609375E-6	0.0811539997951058	-5.4931640625E-6	0.0811439997951311	-6.7138671875E-6
0.0812559997948483	-2.44140625E-6	0.0812599997948382	-3.662109375E-6	0.081248999794866	-6.7138671875E-6	0.0812379997948938	-5.4931640625E-6
0.0813589997945883	-2.74658203125E-6	0.0813619997945807	-4.57763671875E-6	0.0813509997946085	-4.2724609375E-6	0.0813399997946362	-5.18798828125E-6
0.0814609997943307	0	0.0814639997943232	-3.662109375E-6	0.0814529997943509	-3.35693359375E-6	0.0814429997943762	-5.18798828125E-6
0.0815549997940934	-5.18798828125E-6	0.0815589997940833	-3.35693359375E-6	0.0815479997941111	-4.57763671875E-6	0.0815369997941389	-4.8828125E-6
0.0816579997938334	-1.8310546875E-6	0.0816609997938258	-3.662109375E-6	0.0816499997938536	-4.2724609375E-6	0.0816399997938788	-3.96728515625E-6
0.0817599997935758	-1.52587890625E-6	0.0817629997935683	-3.35693359375E-6	0.0817529997935935	-3.96728515625E-6	0.0817419997936213	-6.103515625E-6
0.081854999793336	-1.220703125E-6	0.0818579997933284	-2.44140625E-6	0.0818469997933562	-5.18798828125E-6	0.0818439997933638	-4.57763671875E-6
0.0819569997930785	-1.8310546875E-6	0.0819649997930583	-3.662109375E-6	0.0819489997930987	-3.35693359375E-6	0.0819389997931239	-3.96728515625E-6
0.0820589997928209	-2.74658203125E-6	0.0820589997928209	-1.52587890625E-6	0.0820519997928386	-5.79833984375E-6	0.0820409997928664	-3.96728515625E-6
0.0821619997925609	-1.8310546875E-6	0.0821609997925634	-3.35693359375E-6	0.0821469997925988	0	0.0821439997926063	-3.0517578125E-6
0.0822559997923236	-2.13623046875E-6	0.0822639997923034	-2.74658203125E-6	0.0822489997923412	-3.96728515625E-6	0.082237999792369	-3.662109375E-6
0.0823549997920736	-1.52587890625E-6	0.0823589997920635	-2.74658203125E-6	0.0823519997920812	-3.662109375E-6	0.082340999792109	-4.2724609375E-6
0.0824579997918136	-3.0517578125E-7	0.082460999791806	-2.44140625E-6	0.0824539997918237	-3.0517578125E-6	0.0824429997918514	-3.96728515625E-6
0.082559999791556	-1.52587890625E-6	0.0825639997915459	-3.0517578125E-6	0.0825479997915863	-4.2724609375E-6	0.0825379997916116	-3.662109375E-6
0.0826619997912985	-6.103515625E-7	0.0826589997913061	-2.13623046875E-6	0.0826479997913339	-1.8310546875E-6	0.0826369997913616	-3.35693359375E-6
0.0827569997910587	1.220703125E-6	0.0827609997910486	-2.13623046875E-6	0.0827499997910763	-3.96728515625E-6	0.0827399997911016	-3.662109375E-6
0.0828589997908011	-1.52587890625E-6	0.082862999790791	-2.13623046875E-6	0.0828519997908188	-2.74658203125E-6	0.0828419997908441	-3.0517578125E-6
0.0829549997905588	-2.44140625E-6	0.0829579997905512	-1.220703125E-6	0.082946999790579	1.220703125E-6	0.0829439997905865	-3.0517578125E-6
0.0830569997903012	-1.8310546875E-6	0.0830599997902937	-3.0517578125E-7	0.0830489997903214	-1.220703125E-6	0.0830389997903467	-1.8310546875E-6
0.0831599997900412	-2.13623046875E-6	0.0831619997900361	-3.662109375E-6	0.0831509997900639	-2.13623046875E-6	0.0831409997900892	-2.74658203125E-6
0.0832619997897837	-1.52587890625E-6	0.0832649997897761	-2.13623046875E-6	0.0832539997898039	-2.74658203125E-6	0.0832429997898316	-3.0517578125E-6
0.0833559997895463	-6.40869140625E-6	0.0833589997895388	-1.8310546875E-6	0.0833479997895665	-2.74658203125E-6	0.0833369997895943	-8.23974609375E-6
0.0834589997892863	-2.13623046875E-6	0.0834619997892787	-2.74658203125E-6	0.0834509997893065	2.13623046875E-6	0.0834399997893343	-6.103515625E-7
0.0835609997890288	-2.13623046875E-6	0.0835639997890212	-2.44140625E-6	0.083552999789049	-1.8310546875E-6	0.0835419997890767	-3.35693359375E-6
0.0836559997887889	-1.52587890625E-6	0.0836579997887839	-2.74658203125E-6	0.0836479997888091	-3.0517578125E-7	0.0836369997888369	-2.74658203125E-6
0.0837579997885314	-9.1552734375E-7	0.0837579997885314	-1.8310546875E-6	0.0837499997885516	-2.74658203125E-6	0.0837389997885793	-1.8310546875E-6
0.0838609997882713	-1.220703125E-6	0.0838599997882739	-1.8310546875E-6	0.0838519997882941	-1.220703125E-6	0.0838409997883218	-3.35693359375E-6
0.083954999788034	-1.220703125E-6	0.0839619997880163	-1.52587890625E-6	0.0839469997880542	-3.662109375E-6	0.0839439997880618	-3.35693359375E-6
0.084057999787774	-6.103515625E-7	0.0840649997877563	-3.0517578125E-6	0.0840499997877941	-2.13623046875E-6	0.0840379997878244	-3.0517578125E-6
0.0841599997875164	-1.8310546875E-6	0.084158999787519	-2.13623046875E-6	0.0841519997875366	-2.74658203125E-6	0.0841399997875669	-2.13623046875E-6
0.0842549997872766	0	0.0842609997872614	-1.8310546875E-6	0.0842469997872968	-2.13623046875E-6	0.0842429997873069	-2.74658203125E-6
0.0843619997870064	-6.103515625E-7	0.0843639997870014	-1.8310546875E-6	0.0843489997870392	-1.8310546875E-6	0.0843369997870695	-2.74658203125E-6
0.0844569997867666	-3.35693359375E-6	0.084457999786764	-3.0517578125E-6	0.0844479997867893	-1.52587890625E-6	0.0844399997868095	9.1552734375E-7
0.084558999786509	-1.220703125E-6	0.084560999786504	-1.220703125E-6	0.0845509997865292	-2.44140625E-6	0.084541999786552	-2.44140625E-6
0.0846609997862515	-1.8310546875E-6	0.0846629997862465	-1.52587890625E-6	0.0846529997862717	-1.52587890625E-6	0.0846369997863121	-2.74658203125E-6
0.0847559997860117	-3.0517578125E-7	0.0847579997860066	-1.8310546875E-6	0.0847469997860344	-9.1552734375E-7	0.0847399997860521	-2.13623046875E-6
0.0848579997857541	-1.220703125E-6	0.0848599997857491	-1.220703125E-6	0.0848499997857743	-2.44140625E-6	0.0848419997857945	-2.44140625E-6
0.0849609997854941	-1.220703125E-6	0.084962999785489	-9.1552734375E-7	0.0849519997855168	-3.0517578125E-6	0.0849369997855547	-1.8310546875E-6
0.0850559997852542	-1.220703125E-6	0.0850579997852492	-1.52587890625E-6	0.0850539997852593	-1.8310546875E-6	0.0850389997852972	-2.44140625E-6
0.0851579997849967	-1.220703125E-6	0.0851599997849917	-2.13623046875E-6	0.085147999785022	-2.13623046875E-6	0.0851409997850396	-1.8310546875E-6
0.0852599997847392	-6.103515625E-7	0.0852619997847341	-1.8310546875E-6	0.0852509997847619	-2.13623046875E-6	0.0852439997847796	-2.13623046875E-6
0.0853549997844993	-1.52587890625E-6	0.0853649997844741	-2.44140625E-6	0.0853529997845044	-3.0517578125E-7	0.0853379997845423	-2.44140625E-6
0.0854569997842418	-1.220703125E-6	0.0854589997842368	-1.8310546875E-6	0.0854469997842671	-2.44140625E-6	0.0854409997842822	-4.2724609375E-6
0.0855589997839843	0	0.0855609997839792	-1.8310546875E-6	0.0855469997840146	-3.0517578125E-6	0.0855429997840247	-2.44140625E-6
0.0856619997837242	-1.220703125E-6	0.0856639997837192	-1.52587890625E-6	0.0856489997837571	-2.44140625E-6	0.0856369997837874	-2.44140625E-6
0.0857559997834869	-1.8310546875E-6	0.0857579997834819	-3.0517578125E-7	0.0857509997834995	-1.220703125E-6	0.0857389997835298	-2.44140625E-6
0.0858589997832269	-1.220703125E-6	0.0858609997832218	-2.13623046875E-6	0.0858539997832395	-1.52587890625E-6	0.0858409997832723	-2.44140625E-6
0.0859609997829693	-9.1552734375E-7	0.0859639997829618	-1.220703125E-6	0.0859489997829996	-1.220703125E-6	0.0859439997830123	-2.44140625E-6
0.086054999782732	-3.35693359375E-6	0.0860579997827244	-1.52587890625E-6	0.0860509997827421	-2.44140625E-6	0.0860379997827749	-1.52587890625E-6
0.0861549997824795	-6.103515625E-7	0.0861609997824644	-1.52587890625E-6	0.0861539997824821	-1.52587890625E-6	0.0861409997825149	-2.74658203125E-6
0.086256999782222	-1.220703125E-6	0.0862599997822144	-1.8310546875E-6	0.0862479997822447	-9.1552734375E-7	0.0862429997822574	-1.8310546875E-6
0.0863589997819645	-3.0517578125E-7	0.0863619997819569	-1.52587890625E-6	0.0863509997819847	-1.8310546875E-6	0.08633699978202	-2.13623046875E-6
0.0864619997817044	-9.1552734375E-7	0.0864639997816994	-1.52587890625E-6	0.0864529997817272	-1.52587890625E-6	0.0864369997817676	-2.44140625E-6
0.0865569997814646	-1.8310546875E-6	0.0865589997814595	-6.103515625E-7	0.0865469997814898	-2.44140625E-6	0.08653899978151	-2.44140625E-6
0.0866589997812071	-3.0517578125E-6	0.086660999781202	-9.1552734375E-7	0.0866499997812298	-1.8310546875E-6	0.0866409997812525	-1.8310546875E-6
0.0867609997809495	-1.52587890625E-6	0.0867629997809445	-1.52587890625E-6	0.0867519997809723	-2.74658203125E-6	0.0867439997809925	-1.8310546875E-6
0.0868549997807122	-3.0517578125E-7	0.0868579997807046	-2.13623046875E-6	0.0868469997807324	-2.44140625E-6	0.0868389997807526	-2.44140625E-6
0.0869579997804522	-9.1552734375E-7	0.0869599997804471	-1.220703125E-6	0.0869489997804749	-1.220703125E-6	0.0869409997804951	-3.0517578125E-6
0.0870609997801921	-6.103515625E-7	0.0870629997801871	-1.52587890625E-6	0.0870519997802148	-1.220703125E-6	0.087043999780235	-2.44140625E-6
0.0871549997799548	-1.52587890625E-6	0.0871649997799295	-1.52587890625E-6	0.0871539997799573	-1.52587890625E-6	0.0871379997799977	-2.44140625E-6
0.0872569997796973	-9.1552734375E-7	0.0872599997796897	-1.220703125E-6	0.0872489997797175	-1.52587890625E-6	0.0872409997797376	-1.8310546875E-6
0.0873599997794372	6.103515625E-7	0.0873619997794322	6.103515625E-7	0.0873509997794599	-1.52587890625E-6	0.0873429997794801	-2.13623046875E-6
0.0874549997791974	-9.1552734375E-7	0.0874639997791746	-1.52587890625E-6	0.0874529997792024	-1.220703125E-6	0.0874369997792428	3.0517578125E-7
0.0875569997789398	1.8310546875E-6	0.0875599997789323	-2.44140625E-6	0.0875479997789625	-3.0517578125E-6	0.0875399997789827	-1.52587890625E-6
0.0876589997786823	3.0517578125E-7	0.0876619997786747	-9.1552734375E-7	0.0876509997787025	-9.1552734375E-7	0.0876419997787252	-2.44140625E-6
0.0877619997784223	-6.103515625E-7	0.0877639997784172	-9.1552734375E-7	0.087752999778445	-1.8310546875E-6	0.0877369997784854	-9.1552734375E-7
0.0878559997781849	-9.1552734375E-7	0.0878589997781773	-1.52587890625E-6	0.0878479997782051	-9.1552734375E-7	0.0878389997782278	-2.44140625E-6
0.087954999777935	-3.0517578125E-7	0.0879609997779198	-1.8310546875E-6	0.0879499997779476	-9.1552734375E-7	0.0879419997779678	-1.8310546875E-6
0.0880579997776749	-3.0517578125E-7	0.0880599997776699	-1.220703125E-6	0.0880499997776951	-1.52587890625E-6	0.0880439997777103	-3.35693359375E-6
0.0881599997774174	-6.103515625E-7	0.0881629997774098	-1.220703125E-6	0.0881519997774376	-2.44140625E-6	0.0881379997774729	-1.52587890625E-6
0.0882549997771775	3.0517578125E-7	0.0882649997771523	-3.662109375E-6	0.0882539997771801	-1.8310546875E-6	0.0882409997772129	-2.13623046875E-6
0.08835699977692	0	0.088358999776915	-9.1552734375E-7	0.0883479997769427	-1.220703125E-6	0.0883429997769554	-1.8310546875E-6
0.0884589997766625	-9.1552734375E-7	0.0884619997766549	-9.1552734375E-7	0.0884509997766827	-3.0517578125E-7	0.0884379997767155	-1.8310546875E-6
0.0885619997764024	-3.0517578125E-7	0.0885639997763974	-1.220703125E-6	0.0885529997764252	-1.220703125E-6	0.088539999776458	-3.35693359375E-6
0.0886559997761651	-1.52587890625E-6	0.0886589997761575	-1.220703125E-6	0.0886479997761853	-1.52587890625E-6	0.0886429997761979	-1.8310546875E-6
0.0887579997759076	-1.8310546875E-6	0.0887609997759	-9.1552734375E-7	0.0887499997759278	-2.13623046875E-6	0.0887369997759606	-3.35693359375E-6
0.0888609997756475	-9.1552734375E-7	0.08886399977564	-6.103515625E-7	0.0888519997756703	-1.220703125E-6	0.0888389997757031	-1.52587890625E-6
0.0889549997754102	-6.103515625E-7	0.0889579997754026	-1.52587890625E-6	0.0889469997754304	-2.74658203125E-6	0.0889389997754506	-4.57763671875E-6
