Time	Current
s	A
0.00911999997697421	3.326416015625E-5
0.00933599997642887	3.021240234375E-5
0.00951799997596936	2.899169921875E-5
0.00969999997550985	2.838134765625E-5
0.00988099997505287	2.9296875E-5
0.0100619999745959	2.8076171875E-5
0.0102439999741364	2.777099609375E-5
0.0104249999736794	2.777099609375E-5
0.0106069999732199	2.685546875E-5
0.0107889999727604	2.716064453125E-5
0.0109699999723034	2.655029296875E-5
0.0111519999718439	2.50244140625E-5
0.0113339999713844	2.410888671875E-5
0.0115149999709274	2.655029296875E-5
0.0116969999704679	2.655029296875E-5
0.0118789999700084	2.593994140625E-5
0.0120599999695514	2.655029296875E-5
0.0122409999690944	2.655029296875E-5
0.0124229999686349	2.62451171875E-5
0.012603999968178	2.532958984375E-5
0.0127859999677185	2.593994140625E-5
0.0129679999672589	2.62451171875E-5
0.0131499999667994	2.349853515625E-5
0.0133309999663425	2.5634765625E-5
0.0135119999658855	2.593994140625E-5
0.013693999965426	2.532958984375E-5
0.0138759999649665	2.5634765625E-5
0.0140569999645095	2.593994140625E-5
0.01423899996405	2.62451171875E-5
0.014419999963593	2.62451171875E-5
0.0146019999631335	2.5634765625E-5
0.014783999962674	2.593994140625E-5
0.014964999962217	2.777099609375E-5
0.0151469999617575	2.410888671875E-5
0.0153279999613005	2.593994140625E-5
0.015509999960841	2.5634765625E-5
0.0156919999603815	2.593994140625E-5
0.0158729999599245	2.593994140625E-5
0.016054999959465	2.471923828125E-5
0.016235999959008	2.5634765625E-5
0.0164169999585511	2.532958984375E-5
0.0165989999580916	2.593994140625E-5
0.016780999957632	2.716064453125E-5
0.0169629999571725	2.716064453125E-5
0.0171439999567156	2.532958984375E-5
0.0173259999562561	2.655029296875E-5
0.0175069999557991	2.716064453125E-5
0.0176889999553396	2.5634765625E-5
0.0178699999548826	2.5634765625E-5
0.0180519999544231	2.5634765625E-5
0.0182329999539661	2.50244140625E-5
0.0184149999535066	2.471923828125E-5
0.0185969999530471	2.50244140625E-5
0.0187789999525876	2.899169921875E-5
0.0189599999521306	2.50244140625E-5
0.139330999648223	3.0517578125E-5
0.139532999647713	2.62451171875E-5
0.139713999647256	2.593994140625E-5
0.139895999646797	2.50244140625E-5
0.140077999646337	2.5634765625E-5
0.140259999645878	2.410888671875E-5
0.140441999645418	2.349853515625E-5
0.140624999644956	2.349853515625E-5
0.140806999644496	2.349853515625E-5
0.140988999644037	2.410888671875E-5
0.141170999643577	2.288818359375E-5
0.141352999643118	2.3193359375E-5
0.141534999642658	2.288818359375E-5
0.141717999642196	2.349853515625E-5
0.141899999641737	2.25830078125E-5
0.142081999641277	2.349853515625E-5
0.142263999640818	2.227783203125E-5
0.142444999640361	2.13623046875E-5
0.142625999639904	2.044677734375E-5
0.142807999639444	2.197265625E-5
0.142989999638985	2.197265625E-5
0.143172999638523	2.288818359375E-5
0.143354999638063	2.349853515625E-5
0.143537999637601	2.227783203125E-5
0.143719999637142	2.410888671875E-5
0.143901999636682	2.532958984375E-5
0.144083999636223	2.532958984375E-5
0.144265999635763	2.25830078125E-5
0.144447999635304	2.197265625E-5
0.144629999634844	2.25830078125E-5
0.144811999634385	2.197265625E-5
0.144992999633928	2.227783203125E-5
0.145174999633468	2.227783203125E-5
0.145356999633009	2.288818359375E-5
0.145537999632552	2.25830078125E-5
0.14572099963209	2.166748046875E-5
0.14590299963163	2.197265625E-5
0.146085999631168	2.13623046875E-5
0.146267999630709	2.25830078125E-5
0.146449999630249	1.708984375E-5
0.14663199962979	2.25830078125E-5
0.14681399962933	2.3193359375E-5
0.146995999628871	2.227783203125E-5
0.147178999628409	2.13623046875E-5
0.147359999627952	2.197265625E-5
0.147540999627495	2.227783203125E-5
0.147722999627035	2.288818359375E-5
0.147903999626578	2.44140625E-5
0.148086999626116	2.197265625E-5
0.148268999625657	2.197265625E-5
0.148451999625195	2.25830078125E-5
0.148633999624735	2.227783203125E-5
0.148816999624273	2.38037109375E-5
0.148998999623814	2.288818359375E-5
0.149179999623357	2.3193359375E-5
0.269545999319462	3.265380859375E-5
0.269748999318949	3.204345703125E-5
0.26993099931849	2.9296875E-5
0.27011299931803	2.74658203125E-5
0.270294999317571	2.716064453125E-5
0.270477999317109	2.838134765625E-5
0.270659999316649	2.62451171875E-5
0.27084199931619	2.532958984375E-5
0.271024999315728	2.777099609375E-5
0.271205999315271	2.74658203125E-5
0.271387999314811	2.655029296875E-5
0.271569999314352	2.62451171875E-5
0.271751999313892	2.685546875E-5
0.271933999313433	2.685546875E-5
0.272115999312973	2.62451171875E-5
0.272296999312516	2.5634765625E-5
0.272478999312057	2.716064453125E-5
0.272660999311597	2.655029296875E-5
0.272842999311138	2.593994140625E-5
0.273024999310678	2.593994140625E-5
0.273207999310216	2.655029296875E-5
0.273389999309757	2.716064453125E-5
0.2735709993093	2.532958984375E-5
0.273753999308838	2.685546875E-5
0.273935999308378	2.716064453125E-5
0.274117999307919	2.38037109375E-5
0.274299999307459	2.593994140625E-5
0.274480999307002	2.62451171875E-5
0.274661999306545	2.685546875E-5
0.274843999306086	2.716064453125E-5
0.275025999305626	2.716064453125E-5
0.275208999305164	2.655029296875E-5
0.275390999304705	2.838134765625E-5
0.275573999304243	2.532958984375E-5
0.275755999303783	2.685546875E-5
0.275936999303326	2.777099609375E-5
0.276118999302867	2.8076171875E-5
0.276301999302405	2.62451171875E-5
0.276483999301945	2.716064453125E-5
0.276665999301485	2.74658203125E-5
0.276847999301026	2.685546875E-5
0.277029999300566	2.716064453125E-5
0.277211999300107	2.99072265625E-5
0.277393999299647	2.777099609375E-5
0.27757499929919	2.62451171875E-5
0.277756999298731	2.716064453125E-5
0.277939999298269	2.777099609375E-5
0.278121999297809	2.716064453125E-5
0.278304999297347	2.655029296875E-5
0.27848599929689	2.8076171875E-5
0.278667999296431	3.082275390625E-5
0.278849999295971	2.777099609375E-5
0.279032999295509	2.716064453125E-5
0.27921499929505	2.716064453125E-5
0.27939699929459	2.8076171875E-5
0.399761998990698	4.2724609375E-5
0.39996299899019	3.7841796875E-5
0.400144998989731	3.936767578125E-5
0.400326998989271	3.662109375E-5
0.400509998988809	3.814697265625E-5
0.40069199898835	3.60107421875E-5
0.40087399898789	3.662109375E-5
0.401055998987431	3.753662109375E-5
0.401236998986974	3.41796875E-5
0.401418998986514	3.72314453125E-5
0.401599998986057	3.814697265625E-5
0.401781998985598	3.72314453125E-5
0.401964998985136	3.692626953125E-5
0.402146998984676	3.692626953125E-5
0.402329998984214	3.7841796875E-5
0.402510998983757	3.814697265625E-5
0.402692998983298	3.814697265625E-5
0.402874998982838	3.631591796875E-5
0.403057998982376	3.753662109375E-5
0.403239998981917	3.814697265625E-5
0.403421998981457	3.662109375E-5
0.403603998980998	3.814697265625E-5
0.403785998980538	3.84521484375E-5
0.403966998980081	3.7841796875E-5
0.404148998979622	3.875732421875E-5
0.404330998979162	3.814697265625E-5
0.404512998978703	3.84521484375E-5
0.404694998978243	3.875732421875E-5
0.404877998977781	3.72314453125E-5
0.405059998977322	3.875732421875E-5
0.405241998976862	3.90625E-5
0.405423998976403	3.814697265625E-5
0.405605998975943	3.814697265625E-5
0.405787998975484	3.875732421875E-5
0.405970998975022	3.753662109375E-5
0.406151998974565	3.90625E-5
0.406333998974105	3.997802734375E-5
0.406514998973648	3.84521484375E-5
0.406696998973189	3.875732421875E-5
0.406878998972729	3.84521484375E-5
0.40706099897227	3.90625E-5
0.407243998971808	3.84521484375E-5
0.407425998971348	3.936767578125E-5
0.407607998970889	4.08935546875E-5
0.407788998970432	3.90625E-5
0.40797199896997	4.119873046875E-5
0.40815399896951	3.936767578125E-5
0.408335998969051	3.936767578125E-5
0.408517998968591	3.997802734375E-5
0.408698998968134	3.814697265625E-5
0.408879998967677	4.0283203125E-5
0.409061998967218	3.936767578125E-5
0.409243998966758	3.997802734375E-5
0.409426998966296	3.875732421875E-5
0.409608998965837	3.692626953125E-5
0.529978998661932	5.9814453125E-5
0.530180998661422	5.55419921875E-5
0.53036399866096	5.462646484375E-5
0.5305459986605	5.523681640625E-5
0.530727998660041	5.55419921875E-5
0.530909998659581	5.584716796875E-5
0.531090998659124	5.7373046875E-5
0.531272998658665	5.4931640625E-5
0.531453998658208	5.55419921875E-5
0.531635998657748	5.523681640625E-5
0.531818998657286	5.55419921875E-5
0.532000998656827	5.584716796875E-5
0.532182998656367	5.645751953125E-5
0.532364998655908	5.37109375E-5
0.532546998655448	5.7373046875E-5
0.532728998654989	5.7373046875E-5
0.532910998654529	5.7373046875E-5
0.53309299865407	5.7373046875E-5
0.53327499865361	5.79833984375E-5
0.533455998653153	5.706787109375E-5
0.533637998652694	5.767822265625E-5
0.533819998652234	5.828857421875E-5
0.534001998651775	5.828857421875E-5
0.534183998651315	5.889892578125E-5
0.534365998650856	5.706787109375E-5
0.534548998650394	6.134033203125E-5
0.534730998649934	5.950927734375E-5
0.534912998649475	5.889892578125E-5
0.535094998649015	5.79833984375E-5
0.535276998648555	5.92041015625E-5
0.535458998648096	5.828857421875E-5
0.535641998647634	5.950927734375E-5
0.535822998647177	5.950927734375E-5
0.53600399864672	6.2255859375E-5
0.53618599864626	5.950927734375E-5
0.536366998645804	6.072998046875E-5
0.536549998645341	5.92041015625E-5
0.536731998644882	6.103515625E-5
0.53691499864442	5.9814453125E-5
0.53709699864396	5.9814453125E-5
0.537279998643498	5.950927734375E-5
0.537461998643039	6.072998046875E-5
0.537642998642582	6.134033203125E-5
0.537824998642122	5.7373046875E-5
0.53800799864166	6.134033203125E-5
0.538189998641201	6.072998046875E-5
0.538371998640741	6.16455078125E-5
0.538552998640284	6.103515625E-5
0.538733998639827	6.04248046875E-5
0.538915998639368	6.04248046875E-5
0.539097998638908	6.103515625E-5
0.539280998638446	6.134033203125E-5
0.539462998637987	5.828857421875E-5
0.539644998637527	5.9814453125E-5
0.539826998637068	5.950927734375E-5
0.660196998333163	8.4228515625E-5
0.660397998332655	8.056640625E-5
0.660579998332196	7.99560546875E-5
0.660761998331736	8.026123046875E-5
0.660942998331279	8.087158203125E-5
0.66112499833082	8.1787109375E-5
0.66130699833036	8.453369140625E-5
0.661489998329898	8.026123046875E-5
0.661671998329439	8.1787109375E-5
0.661853998328979	8.30078125E-5
0.66203599832852	8.36181640625E-5
0.66221799832806	8.4228515625E-5
0.662399998327601	8.331298828125E-5
0.662581998327141	8.514404296875E-5
0.662763998326682	8.544921875E-5
0.662945998326222	8.575439453125E-5
0.663127998325763	8.575439453125E-5
0.663309998325303	8.6669921875E-5
0.663491998324844	8.544921875E-5
0.663673998324384	8.636474609375E-5
0.663854998323927	8.7890625E-5
0.664037998323465	8.758544921875E-5
0.664219998323006	8.819580078125E-5
0.664402998322544	8.758544921875E-5
0.664584998322084	8.7890625E-5
0.664766998321625	8.7890625E-5
0.664948998321165	8.880615234375E-5
0.665130998320706	8.941650390625E-5
0.665312998320246	8.636474609375E-5
0.665494998319787	8.85009765625E-5
0.665676998319327	9.002685546875E-5
0.665858998318868	9.002685546875E-5
0.666039998318411	8.941650390625E-5
0.666221998317951	9.002685546875E-5
0.666403998317492	8.97216796875E-5
0.666585998317032	9.063720703125E-5
0.66676899831657	8.7890625E-5
0.666950998316111	9.063720703125E-5
0.667133998315649	9.09423828125E-5
0.667315998315189	9.033203125E-5
0.667496998314732	9.09423828125E-5
0.667678998314273	9.002685546875E-5
0.667861998313811	8.97216796875E-5
0.668043998313351	9.09423828125E-5
0.668224998312894	8.941650390625E-5
0.668406998312435	9.063720703125E-5
0.668587998311978	9.002685546875E-5
0.668769998311518	9.002685546875E-5
0.668951998311059	9.063720703125E-5
0.669133998310599	9.002685546875E-5
0.669316998310137	9.124755859375E-5
0.669498998309678	9.063720703125E-5
0.669680998309218	9.124755859375E-5
0.669862998308759	9.246826171875E-5
0.670044998308299	9.185791015625E-5
0.790419998004381	1.165771484375E-4
0.790620998003874	1.1383056640625E-4
0.790803998003412	1.123046875E-4
0.790985998002952	1.1444091796875E-4
0.791167998002493	1.1505126953125E-4
0.791349998002033	1.153564453125E-4
0.791530998001576	1.20849609375E-4
0.791712998001117	1.171875E-4
0.79189399800066	1.18408203125E-4
0.7920759980002	1.1962890625E-4
0.792258997999738	1.1871337890625E-4
0.792440997999279	1.1993408203125E-4
0.792622997998819	1.1993408203125E-4
0.79280499799836	1.1962890625E-4
0.7929869979979	1.20849609375E-4
0.793168997997441	1.214599609375E-4
0.793351997996979	1.2176513671875E-4
0.793533997996519	1.2298583984375E-4
0.793714997996062	1.23291015625E-4
0.793895997995605	1.251220703125E-4
0.794077997995146	1.2451171875E-4
0.794259997994686	1.2420654296875E-4
0.794441997994227	1.2451171875E-4
0.794623997993767	1.2420654296875E-4
0.794805997993308	1.25732421875E-4
0.794988997992846	1.26953125E-4
0.795170997992386	1.263427734375E-4
0.795353997991924	1.2786865234375E-4
0.795534997991467	1.2603759765625E-4
0.795716997991008	1.263427734375E-4
0.795898997990548	1.26953125E-4
0.796081997990086	1.275634765625E-4
0.796262997989629	1.2969970703125E-4
0.796443997989172	1.2847900390625E-4
0.796625997988713	1.2847900390625E-4
0.796807997988253	1.28173828125E-4
0.796989997987794	1.28173828125E-4
0.797171997987334	1.287841796875E-4
0.797354997986872	1.2847900390625E-4
0.797536997986413	1.2969970703125E-4
0.797718997985953	1.3427734375E-4
0.797899997985496	1.2908935546875E-4
0.798082997985034	1.2939453125E-4
0.798264997984575	1.2664794921875E-4
0.798446997984115	1.287841796875E-4
0.798628997983656	1.2969970703125E-4
0.798809997983199	1.2969970703125E-4
0.798990997982742	1.2908935546875E-4
0.799172997982282	1.287841796875E-4
0.799354997981823	1.30615234375E-4
0.799537997981361	1.2939453125E-4
0.799719997980901	1.30615234375E-4
0.799901997980442	1.3092041015625E-4
0.800083997979982	1.3214111328125E-4
0.800265997979523	1.30615234375E-4
0.920633997675623	1.5045166015625E-4
0.920834997675115	1.4892578125E-4
0.921016997674656	1.495361328125E-4
0.921198997674196	1.513671875E-4
0.921380997673737	1.52587890625E-4
0.921563997673275	1.5289306640625E-4
0.921745997672815	1.5533447265625E-4
0.921927997672356	1.5655517578125E-4
0.922109997671896	1.5838623046875E-4
0.922291997671437	1.556396484375E-4
0.922473997670977	1.593017578125E-4
0.922655997670518	1.6082763671875E-4
0.922837997670058	1.62353515625E-4
0.923019997669599	1.6265869140625E-4
0.923201997669139	1.6326904296875E-4
0.923382997668682	1.6357421875E-4
0.923564997668223	1.641845703125E-4
0.923746997667763	1.6510009765625E-4
0.923928997667304	1.66015625E-4
0.924110997666844	1.666259765625E-4
0.924293997666382	1.67236328125E-4
0.924475997665922	1.6815185546875E-4
0.924656997665465	1.6876220703125E-4
0.924838997665006	1.690673828125E-4
0.925021997664544	1.690673828125E-4
0.925203997664084	1.6998291015625E-4
0.925385997663625	1.69677734375E-4
0.925567997663165	1.702880859375E-4
0.925748997662708	1.7120361328125E-4
0.925930997662249	1.7059326171875E-4
0.926111997661792	1.7120361328125E-4
0.926293997661332	1.715087890625E-4
0.92647699766087	1.72119140625E-4
0.926658997660411	1.727294921875E-4
0.926841997659949	1.72119140625E-4
0.927022997659492	1.715087890625E-4
0.927204997659032	1.7425537109375E-4
0.927386997658573	1.739501953125E-4
0.927569997658111	1.7333984375E-4
0.927751997657651	1.7425537109375E-4
0.927932997657194	1.7425537109375E-4
0.928114997656735	1.739501953125E-4
0.928295997656278	1.7364501953125E-4
0.928477997655818	1.7364501953125E-4
0.928659997655359	1.739501953125E-4
0.928841997654899	1.7425537109375E-4
0.929024997654437	1.7608642578125E-4
0.929206997653978	1.74560546875E-4
0.929388997653518	1.7425537109375E-4
0.929570997653059	1.751708984375E-4
0.929752997652599	1.7547607421875E-4
0.92993499765214	1.7578125E-4
0.93011699765168	1.7608642578125E-4
0.930299997651218	1.751708984375E-4
0.930480997650761	1.74560546875E-4
1.05085399734685	1.8585205078125E-4
1.05105599734634	1.9012451171875E-4
1.05123799734588	1.873779296875E-4
1.05141899734542	1.9012451171875E-4
1.05160099734496	1.91650390625E-4
1.0517839973445	1.9439697265625E-4
1.05196599734404	1.9683837890625E-4
1.05214899734358	1.98974609375E-4
1.05233099734312	2.0050048828125E-4
1.05251299734266	2.0233154296875E-4
1.0526949973422	2.0355224609375E-4
1.05287699734174	2.0416259765625E-4
1.05305899734128	2.0599365234375E-4
1.05324099734082	2.0782470703125E-4
1.05342299734036	2.093505859375E-4
1.05360399733991	2.08740234375E-4
1.05378599733945	2.0904541015625E-4
1.05396799733899	2.117919921875E-4
1.05414999733853	2.1026611328125E-4
1.05433199733807	2.1392822265625E-4
1.05451399733761	2.1514892578125E-4
1.05469699733715	2.1453857421875E-4
1.05487899733669	2.1453857421875E-4
1.05506099733623	2.16064453125E-4
1.05524299733577	2.1697998046875E-4
1.05542499733531	2.178955078125E-4
1.05560699733485	2.1820068359375E-4
1.05578999733439	2.178955078125E-4
1.05597099733393	2.18505859375E-4
1.05615299733347	2.2186279296875E-4
1.05633399733301	2.197265625E-4
1.05651599733255	2.215576171875E-4
1.05669799733209	2.2216796875E-4
1.05688099733163	2.2186279296875E-4
1.05706299733117	2.2247314453125E-4
1.05724499733071	2.2186279296875E-4
1.05742799733025	2.2247314453125E-4
1.05760999732979	2.191162109375E-4
1.05779099732933	2.2247314453125E-4
1.05797299732887	2.2308349609375E-4
1.05815599732841	2.2369384765625E-4
1.05833799732795	2.2247314453125E-4
1.0585189973275	2.2369384765625E-4
1.05870099732704	2.2430419921875E-4
1.05888199732658	2.2369384765625E-4
1.05906399732612	2.2430419921875E-4
1.05924599732566	2.2369384765625E-4
1.0594289973252	2.24609375E-4
1.05961099732474	2.2308349609375E-4
1.05979299732428	2.252197265625E-4
1.05997499732382	2.2430419921875E-4
1.06015699732336	2.2491455078125E-4
1.0603389973229	2.2552490234375E-4
1.06052099732244	2.24609375E-4
1.06070399732198	2.252197265625E-4
1.18107699701807	2.2003173828125E-4
1.18127799701756	2.197265625E-4
1.1814599970171	2.239990234375E-4
1.18164299701664	2.2369384765625E-4
1.18182399701618	2.313232421875E-4
1.18200599701572	2.3468017578125E-4
1.18218799701526	2.3651123046875E-4
1.1823699970148	2.398681640625E-4
1.18255299701434	2.423095703125E-4
1.18273499701388	2.45361328125E-4
1.18291799701342	2.4871826171875E-4
1.18309899701296	2.490234375E-4
1.1832809970125	2.5115966796875E-4
1.18346299701204	2.520751953125E-4
1.18364599701158	2.5360107421875E-4
1.18382799701112	2.5604248046875E-4
1.18400899701066	2.593994140625E-4
1.18418999701021	2.6031494140625E-4
1.18437199700975	2.5909423828125E-4
1.18455399700929	2.587890625E-4
1.18473599700883	2.6123046875E-4
1.18491799700837	2.6214599609375E-4
1.18510099700791	2.630615234375E-4
1.18528299700745	2.6611328125E-4
1.18546499700699	2.64892578125E-4
1.18564699700653	2.6092529296875E-4
1.18582899700607	2.6702880859375E-4
1.18601099700561	2.67333984375E-4
1.18619299700515	2.685546875E-4
1.18637599700469	2.6702880859375E-4
1.18655799700423	2.6885986328125E-4
1.18673899700377	2.7069091796875E-4
1.18691999700332	2.7008056640625E-4
1.18710199700286	2.69775390625E-4
1.1872839970024	2.72216796875E-4
1.18746599700194	2.7130126953125E-4
1.18764899700147	2.7130126953125E-4
1.18783099700102	2.7435302734375E-4
1.18801299700056	2.7435302734375E-4
1.1881949970001	2.728271484375E-4
1.18837699699964	2.74658203125E-4
1.18855899699918	2.7374267578125E-4
1.18874099699872	2.7557373046875E-4
1.18892299699826	2.74658203125E-4
1.1891039969978	2.74658203125E-4
1.18928499699734	2.7435302734375E-4
1.18946699699688	2.7618408203125E-4
1.18964899699643	2.7679443359375E-4
1.18983199699596	2.7587890625E-4
1.1900139969955	2.7587890625E-4
1.19019699699504	2.752685546875E-4
1.19037899699458	2.752685546875E-4
1.19055999699412	2.764892578125E-4
1.19074199699367	2.7618408203125E-4
1.1909249969932	2.764892578125E-4
1.3112929966893	2.4505615234375E-4
1.31149499668879	2.50244140625E-4
1.31167699668833	2.5421142578125E-4
1.31185899668787	2.63671875E-4
1.31204099668741	2.6611328125E-4
1.31222399668695	2.691650390625E-4
1.31240599668649	2.7435302734375E-4
1.31258799668603	2.7740478515625E-4
1.31276999668557	2.8106689453125E-4
1.31295199668511	2.84423828125E-4
1.31313399668466	2.8900146484375E-4
1.31331699668419	2.89306640625E-4
1.31349899668373	2.9266357421875E-4
1.31367999668328	2.9571533203125E-4
1.31386099668282	2.9693603515625E-4
1.31404299668236	2.9937744140625E-4
1.3142249966819	3.01513671875E-4
1.31440699668144	3.01513671875E-4
1.31458899668098	3.03955078125E-4
1.31477099668052	3.033447265625E-4
1.31495399668006	3.057861328125E-4
1.3151359966796	3.0853271484375E-4
1.31531799667914	3.0914306640625E-4
1.31549999667868	3.1036376953125E-4
1.31568199667822	3.125E-4
1.31586399667776	3.125E-4
1.3160469966773	3.1280517578125E-4
1.31622799667684	3.1463623046875E-4
1.31640899667639	3.1524658203125E-4
1.31659099667593	3.1707763671875E-4
1.31677299667547	3.1646728515625E-4
1.31695499667501	3.167724609375E-4
1.31713699667455	3.173828125E-4
1.31731999667409	3.18603515625E-4
1.31750199667363	3.204345703125E-4
1.31768399667317	3.1951904296875E-4
1.31786499667271	3.2073974609375E-4
1.31804699667225	3.1951904296875E-4
1.31822999667179	3.216552734375E-4
1.31841199667133	3.2196044921875E-4
1.31859399667087	3.23486328125E-4
1.31877599667041	3.2623291015625E-4
1.31895799666995	3.2196044921875E-4
1.31913899666949	3.228759765625E-4
1.31932099666903	3.240966796875E-4
1.31950299666858	3.2501220703125E-4
1.31968599666811	3.2501220703125E-4
1.31986799666765	3.2623291015625E-4
1.32004999666719	3.253173828125E-4
1.32023199666673	3.2623291015625E-4
1.32041399666628	3.25927734375E-4
1.32059599666582	3.2562255859375E-4
1.32077799666536	3.2501220703125E-4
1.3209599966649	3.25927734375E-4
1.32114299666443	3.28369140625E-4
1.44151799636052	2.6702880859375E-4
1.44171999636001	2.7191162109375E-4
1.44190199635955	2.801513671875E-4
1.44208399635909	2.874755859375E-4
1.44226499635863	2.9449462890625E-4
1.44244699635817	3.0029296875E-4
1.44262899635771	3.0548095703125E-4
1.44281099635725	3.106689453125E-4
1.44299299635679	3.1524658203125E-4
1.44317599635633	3.1768798828125E-4
1.44335799635587	3.216552734375E-4
1.44353999635541	3.253173828125E-4
1.44372099635495	3.2928466796875E-4
1.4439029963545	3.3203125E-4
1.44408599635403	3.3447265625E-4
1.44426799635357	3.399658203125E-4
1.44444999635311	3.387451171875E-4
1.44463199635265	3.3843994140625E-4
1.4448129963522	3.43017578125E-4
1.44499499635174	3.4515380859375E-4
1.44517699635128	3.472900390625E-4
1.44535899635082	3.485107421875E-4
1.44554199635036	3.50341796875E-4
1.4457239963499	3.52783203125E-4
1.44590599634944	3.5186767578125E-4
1.44608799634898	3.5491943359375E-4
1.44626999634852	3.5400390625E-4
1.44645199634806	3.5614013671875E-4
1.4466349963476	3.5614013671875E-4
1.44681699634714	3.5797119140625E-4
1.44699899634668	3.5858154296875E-4
1.44718099634622	3.6102294921875E-4
1.44736199634576	3.619384765625E-4
1.4475439963453	3.6041259765625E-4
1.44772499634485	3.631591796875E-4
1.44790699634439	3.643798828125E-4
1.44808999634392	3.64990234375E-4
1.44827199634346	3.6529541015625E-4
1.448454996343	3.6651611328125E-4
1.44863699634254	3.6712646484375E-4
1.44881899634208	3.6163330078125E-4
1.44900099634162	3.680419921875E-4
1.44918299634116	3.6865234375E-4
1.44936499634071	3.6651611328125E-4
1.44954699634025	3.6895751953125E-4
1.44972899633979	3.6865234375E-4
1.44990999633933	3.69873046875E-4
1.45009199633887	3.69873046875E-4
1.45027399633841	3.717041015625E-4
1.45045599633795	3.704833984375E-4
1.45063799633749	3.7017822265625E-4
1.45082099633703	3.6956787109375E-4
1.45100299633657	3.729248046875E-4
1.45118499633611	3.7261962890625E-4
1.45136699633565	3.7261962890625E-4
1.57172799603177	2.8167724609375E-4
1.57192899603126	2.8839111328125E-4
1.5721099960308	3.0029296875E-4
1.57229199603034	3.0792236328125E-4
1.57247499602988	3.1494140625E-4
1.57265699602942	3.2196044921875E-4
1.57283899602896	3.302001953125E-4
1.57301999602851	3.3538818359375E-4
1.57320099602805	3.4088134765625E-4
1.57338299602759	3.4576416015625E-4
1.57356499602713	3.497314453125E-4
1.57374799602667	3.5247802734375E-4
1.57392999602621	3.564453125E-4
1.57411199602575	3.6163330078125E-4
1.57429399602529	3.668212890625E-4
1.57447599602483	3.6773681640625E-4
1.57465799602437	3.7078857421875E-4
1.57484099602391	3.741455078125E-4
1.57502299602345	3.7689208984375E-4
1.57520499602299	3.7841796875E-4
1.57538699602253	3.8055419921875E-4
1.57556799602207	3.82080078125E-4
1.57574999602161	3.84521484375E-4
1.57593199602115	3.8665771484375E-4
1.5761129960207	3.8787841796875E-4
1.57629599602024	3.8787841796875E-4
1.57647799601978	3.90625E-4
1.57666099601931	3.9794921875E-4
1.57684299601885	3.9215087890625E-4
1.57702499601839	3.94287109375E-4
1.57720699601794	3.961181640625E-4
1.57738899601748	3.973388671875E-4
1.57757099601702	3.9764404296875E-4
1.57775299601656	3.985595703125E-4
1.5779349960161	3.9794921875E-4
1.57811599601564	4.010009765625E-4
1.57829799601518	4.0283203125E-4
1.57847999601472	4.034423828125E-4
1.57866199601426	4.04052734375E-4
1.5788439960138	4.0435791015625E-4
1.57902599601334	4.046630859375E-4
1.57920899601288	4.06494140625E-4
1.57939099601242	4.0618896484375E-4
1.57957299601196	4.0771484375E-4
1.5797549960115	4.0802001953125E-4
1.57993699601104	4.0802001953125E-4
1.58011899601058	4.0863037109375E-4
1.58030099601012	4.1015625E-4
1.58048299600966	4.0985107421875E-4
1.58066399600921	4.1015625E-4
1.58084599600875	4.06494140625E-4
1.58102799600829	4.1259765625E-4
1.58120999600783	4.11376953125E-4
1.58139199600737	4.1107177734375E-4
1.58157399600691	4.11376953125E-4
1.70195299570298	2.899169921875E-4
1.70215399570247	2.984619140625E-4
1.70233599570201	3.0853271484375E-4
1.70251799570156	3.2135009765625E-4
1.70270099570109	3.2989501953125E-4
1.70288299570063	3.38134765625E-4
1.70306599570017	3.4637451171875E-4
1.70324799569971	3.546142578125E-4
1.70342899569926	3.5888671875E-4
1.7036109956988	3.6590576171875E-4
1.70379399569833	3.7139892578125E-4
1.70397599569787	3.753662109375E-4
1.70415799569741	3.802490234375E-4
1.70433999569696	3.84521484375E-4
1.7045209956965	3.8818359375E-4
1.70470299569604	3.9215087890625E-4
1.70488499569558	3.9520263671875E-4
1.70506699569512	3.99169921875E-4
1.70524899569466	3.96728515625E-4
1.7054319956942	4.052734375E-4
1.70561399569374	4.0557861328125E-4
1.70579599569328	4.1046142578125E-4
1.70597899569282	4.11376953125E-4
1.70615999569236	4.1290283203125E-4
1.7063419956919	4.150390625E-4
1.70652499569144	4.168701171875E-4
1.70670699569098	4.1656494140625E-4
1.70688899569052	4.205322265625E-4
1.70706999569006	4.2266845703125E-4
1.70725099568961	4.23583984375E-4
1.70743299568915	4.241943359375E-4
1.70761499568869	4.254150390625E-4
1.70779699568823	4.2449951171875E-4
1.70797999568777	4.2938232421875E-4
1.70816199568731	4.3243408203125E-4
1.70834399568685	4.302978515625E-4
1.70852599568639	4.3121337890625E-4
1.70870799568593	4.33349609375E-4
1.70888999568547	4.3426513671875E-4
1.70907199568501	4.35791015625E-4
1.70925399568455	4.3212890625E-4
1.70943499568409	4.3548583984375E-4
1.70961599568363	4.3731689453125E-4
1.70979799568318	4.3731689453125E-4
1.70997999568272	4.388427734375E-4
1.71016299568225	4.3914794921875E-4
1.71034499568179	4.400634765625E-4
1.71052799568133	4.39453125E-4
1.71070999568087	4.4097900390625E-4
1.71089099568042	4.43115234375E-4
1.71107299567996	4.3670654296875E-4
1.71125599567949	4.412841796875E-4
1.71143799567903	4.443359375E-4
1.71161999567857	4.45556640625E-4
1.71180199567812	4.4464111328125E-4
1.83217299537421	2.899169921875E-4
1.8323739953737	3.0181884765625E-4
1.83255599537324	3.1494140625E-4
1.83273799537278	3.265380859375E-4
1.83292099537232	3.3447265625E-4
1.83310299537186	3.460693359375E-4
1.8332859953714	3.558349609375E-4
1.83346799537094	3.6346435546875E-4
1.83364899537048	3.704833984375E-4
1.83383099537002	3.7872314453125E-4
1.83401399536956	3.8360595703125E-4
1.8341959953691	3.887939453125E-4
1.83437699536864	3.9520263671875E-4
1.83455899536818	3.99169921875E-4
1.83473999536773	4.0313720703125E-4
1.83492199536727	4.0679931640625E-4
1.83510399536681	4.119873046875E-4
1.83528699536635	4.144287109375E-4
1.83546899536589	4.1748046875E-4
1.83565099536543	4.217529296875E-4
1.83583299536497	4.2327880859375E-4
1.83601599536451	4.2633056640625E-4
1.83619699536405	4.28466796875E-4
1.83637899536359	4.3212890625E-4
1.83656099536313	4.3304443359375E-4
1.83674399536267	4.3609619140625E-4
1.83692599536221	4.3548583984375E-4
1.83710699536175	4.39453125E-4
1.83728799536129	4.43115234375E-4
1.83746999536083	4.437255859375E-4
1.83765199536037	4.4342041015625E-4
1.83783399535992	4.4708251953125E-4
1.83801699535945	4.4830322265625E-4
1.83819899535899	4.5074462890625E-4
1.83838099535853	4.5074462890625E-4
1.83856299535807	4.5257568359375E-4
1.83874499535762	4.5318603515625E-4
1.83892699535716	4.534912109375E-4
1.8391089953567	4.55322265625E-4
1.83929099535624	4.5654296875E-4
1.83947299535578	4.5745849609375E-4
1.83965499535532	4.5806884765625E-4
1.83983699535486	4.595947265625E-4
1.8400179953544	4.6051025390625E-4
1.84019999535394	4.6112060546875E-4
1.84038299535348	4.6295166015625E-4
1.84056499535302	4.6295166015625E-4
1.84074799535256	4.638671875E-4
1.8409299953521	4.6173095703125E-4
1.84111099535164	4.65087890625E-4
1.84129299535118	4.6478271484375E-4
1.84147499535072	4.6630859375E-4
1.84165699535026	4.6783447265625E-4
1.8418389953498	4.6722412109375E-4
1.84202099534934	4.681396484375E-4
1.96239999504542	2.886962890625E-4
1.96260199504491	3.0059814453125E-4
1.96278499504444	3.1341552734375E-4
1.96296699504398	3.271484375E-4
1.96314899504353	3.3935546875E-4
1.96333099504307	3.4942626953125E-4
1.96351199504261	3.5980224609375E-4
1.96369399504215	3.662109375E-4
1.96387499504169	3.7628173828125E-4
1.96405699504123	3.8330078125E-4
1.96423999504077	3.900146484375E-4
1.96442199504031	3.9886474609375E-4
1.96460499503985	4.0191650390625E-4
1.96478599503939	4.0618896484375E-4
1.96496799503893	4.1107177734375E-4
1.96514999503847	4.1595458984375E-4
1.96533299503801	4.19921875E-4
1.96551499503755	4.241943359375E-4
1.96569699503709	4.2816162109375E-4
1.96587799503664	4.3212890625E-4
1.96605999503618	4.345703125E-4
1.96624199503572	4.376220703125E-4
1.96642399503526	4.412841796875E-4
1.9666059950348	4.4342041015625E-4
1.96678799503434	4.473876953125E-4
1.96696999503388	4.4769287109375E-4
1.96715299503342	4.5013427734375E-4
1.96733499503296	4.5196533203125E-4
1.9675169950325	4.547119140625E-4
1.96769899503204	4.559326171875E-4
1.96788099503158	4.5501708984375E-4
1.96806299503112	4.595947265625E-4
1.96824499503066	4.595947265625E-4
1.9684269950302	4.6295166015625E-4
1.96860799502974	4.65087890625E-4
1.96878999502928	4.6722412109375E-4
1.96897199502882	4.669189453125E-4
1.96915399502836	4.7088623046875E-4
1.9693359950279	4.693603515625E-4
1.96951899502744	4.7149658203125E-4
1.96970099502698	4.72412109375E-4
1.96988299502652	4.72412109375E-4
1.97006499502606	4.7454833984375E-4
1.9702469950256	4.7393798828125E-4
1.97042999502514	4.7637939453125E-4
1.97061199502468	4.7698974609375E-4
1.97079399502422	4.779052734375E-4
1.97097599502376	4.79736328125E-4
1.97115699502331	4.7943115234375E-4
1.97133799502285	4.803466796875E-4
1.97151999502239	4.78515625E-4
1.97170199502193	4.82177734375E-4
1.97188499502147	4.8095703125E-4
1.97206699502101	4.833984375E-4
1.97224999502055	4.8370361328125E-4
2.09262799471662	2.8350830078125E-4
2.09282999471611	2.9632568359375E-4
2.09301199471565	3.0548095703125E-4
2.09319399471519	3.2562255859375E-4
2.09337699471473	3.35693359375E-4
2.09355899471427	3.4881591796875E-4
2.09374199471381	3.5797119140625E-4
2.09392399471335	3.6590576171875E-4
2.09410499471289	3.765869140625E-4
2.09428699471243	3.839111328125E-4
2.09446999471197	3.912353515625E-4
2.09465199471151	3.9886474609375E-4
2.09483399471105	4.034423828125E-4
2.09501599471059	4.0802001953125E-4
2.09519699471014	4.1412353515625E-4
2.09537899470968	4.2144775390625E-4
2.09555999470922	4.229736328125E-4
2.09574199470876	4.2694091796875E-4
2.0959249947083	4.3212890625E-4
2.09610699470784	4.351806640625E-4
2.09628999470738	4.3853759765625E-4
2.09647199470692	4.412841796875E-4
2.09665399470646	4.45556640625E-4
2.096835994706	4.4708251953125E-4
2.09701799470554	4.4921875E-4
2.09720099470508	4.5196533203125E-4
2.09738299470462	4.5562744140625E-4
2.09756499470416	4.5623779296875E-4
2.0977459947037	4.58984375E-4
2.09792799470324	4.6234130859375E-4
2.09810999470278	4.6295166015625E-4
2.09829199470232	4.6417236328125E-4
2.09847399470186	4.6875E-4
2.0986559947014	4.69970703125E-4
2.09883799470094	4.7088623046875E-4
2.09902099470048	4.7149658203125E-4
2.09920299470002	4.730224609375E-4
2.09938499469956	4.7515869140625E-4
2.0995669946991	4.766845703125E-4
2.09974899469864	4.815673828125E-4
2.09993099469818	4.78515625E-4
2.10011399469772	4.803466796875E-4
2.10029499469726	4.8187255859375E-4
2.10047699469681	4.82177734375E-4
2.10065899469635	4.840087890625E-4
2.10083999469589	4.852294921875E-4
2.10102199469543	4.852294921875E-4
2.10120499469497	4.864501953125E-4
2.10138699469451	4.8797607421875E-4
2.10156899469405	4.8736572265625E-4
2.10175199469359	4.8858642578125E-4
2.10193399469313	4.89501953125E-4
2.10211599469267	4.913330078125E-4
2.10229799469221	4.9163818359375E-4
2.10247999469175	4.9163818359375E-4
2.22285399438783	2.7679443359375E-4
2.22305699438732	2.899169921875E-4
2.22323999438686	3.0303955078125E-4
2.2234219943864	3.1829833984375E-4
2.22360399438594	3.314208984375E-4
2.22378599438548	3.436279296875E-4
2.22396699438502	3.5491943359375E-4
2.22414899438456	3.6590576171875E-4
2.2243309943841	3.729248046875E-4
2.22451299438364	3.8177490234375E-4
2.22469499438319	3.8726806640625E-4
2.22487799438272	3.9398193359375E-4
2.22505999438226	4.0008544921875E-4
2.2252419943818	4.0679931640625E-4
2.22542399438134	4.11376953125E-4
2.22560599438089	4.1656494140625E-4
2.22578799438043	4.2236328125E-4
2.22596999437997	4.2510986328125E-4
2.22615199437951	4.290771484375E-4
2.22633399437905	4.3365478515625E-4
2.22651599437859	4.3609619140625E-4
2.22669799437813	4.4036865234375E-4
2.22687899437767	4.4525146484375E-4
2.22706199437721	4.473876953125E-4
2.22724399437675	4.4921875E-4
2.22742599437629	4.5196533203125E-4
2.22760899437583	4.541015625E-4
2.22779099437537	4.57763671875E-4
2.22797299437491	4.5806884765625E-4
2.22815499437445	4.6234130859375E-4
2.22833699437399	4.6478271484375E-4
2.22851899437353	4.6600341796875E-4
2.22870099437307	4.6722412109375E-4
2.22888399437261	4.6783447265625E-4
2.22906499437215	4.705810546875E-4
2.22924799437169	4.7088623046875E-4
2.22942899437123	4.742431640625E-4
2.22961099437077	4.7454833984375E-4
2.22979299437031	4.77294921875E-4
2.22997499436985	4.7882080078125E-4
2.23015699436939	4.803466796875E-4
2.23033999436893	4.84619140625E-4
2.23052199436847	4.8370361328125E-4
2.23070399436801	4.8309326171875E-4
2.23088599436755	4.8553466796875E-4
2.23106799436709	4.8583984375E-4
2.23124999436664	4.864501953125E-4
2.23143199436618	4.8736572265625E-4
2.23161399436572	4.8828125E-4
2.23179499436526	4.89501953125E-4
2.2319769943648	4.901123046875E-4
2.23215899436434	4.9163818359375E-4
2.23234099436388	4.876708984375E-4
2.23252299436342	4.94384765625E-4
2.23270599436296	4.9468994140625E-4
2.35307599405905	2.6702880859375E-4
2.35327799405854	2.83203125E-4
2.35345999405808	2.9754638671875E-4
2.35364299405762	3.1219482421875E-4
2.35382499405716	3.2318115234375E-4
2.35400599405671	3.363037109375E-4
2.35418699405625	3.4576416015625E-4
2.35436899405579	3.55224609375E-4
2.35455099405533	3.6651611328125E-4
2.35473299405487	3.7322998046875E-4
2.35491599405441	3.7994384765625E-4
2.35509799405395	3.86962890625E-4
2.35527999405349	3.9398193359375E-4
2.35546199405303	3.9947509765625E-4
2.35564399405257	4.0252685546875E-4
2.35582599405211	4.0985107421875E-4
2.35600799405165	4.156494140625E-4
2.35619099405119	4.1900634765625E-4
2.35637299405073	4.2388916015625E-4
2.35655499405027	4.3212890625E-4
2.35673599404981	4.30908203125E-4
2.35691699404936	4.3548583984375E-4
2.3570989940489	4.3853759765625E-4
2.35728099404844	4.4097900390625E-4
2.35746299404798	4.4403076171875E-4
2.35764599404752	4.4677734375E-4
2.35782799404706	4.498291015625E-4
2.3580099940466	4.461669921875E-4
2.35819199404614	4.5501708984375E-4
2.35837399404568	4.583740234375E-4
2.35855599404522	4.5867919921875E-4
2.35873799404476	4.6051025390625E-4
2.3589199940443	4.6295166015625E-4
2.35910199404384	4.62646484375E-4
2.35928399404338	4.6600341796875E-4
2.35946599404292	4.6783447265625E-4
2.35964699404246	4.69970703125E-4
2.359829994042	4.6966552734375E-4
2.36001199404154	4.7271728515625E-4
2.36019399404108	4.7515869140625E-4
2.36037699404062	4.7637939453125E-4
2.36055899404016	4.7882080078125E-4
2.3607409940397	4.7760009765625E-4
2.36092299403924	4.803466796875E-4
2.36110499403878	4.8187255859375E-4
2.36128699403832	4.8187255859375E-4
2.36146899403786	4.827880859375E-4
2.3616509940374	4.8492431640625E-4
2.36183199403695	4.8614501953125E-4
2.36201399403649	4.8736572265625E-4
2.36219499403603	4.876708984375E-4
2.36237799403557	4.888916015625E-4
2.36255999403511	4.89501953125E-4
2.36274199403465	4.901123046875E-4
2.36292499403419	4.91943359375E-4
2.48329699373028	2.57568359375E-4
2.48349799372977	2.69775390625E-4
2.48368099372931	2.862548828125E-4
2.48386299372885	3.0029296875E-4
2.48404499372839	3.13720703125E-4
2.48422699372793	3.253173828125E-4
2.48440799372747	3.350830078125E-4
2.48458899372702	3.47900390625E-4
2.48477099372656	3.5491943359375E-4
2.4849529937261	3.631591796875E-4
2.48513599372563	3.692626953125E-4
2.48531799372518	3.7841796875E-4
2.48549999372472	3.84521484375E-4
2.48568199372426	3.912353515625E-4
2.4858639937238	3.9642333984375E-4
2.48604599372334	4.0130615234375E-4
2.48622799372288	4.0557861328125E-4
2.48641099372242	4.1015625E-4
2.48659299372196	4.1534423828125E-4
2.4867749937215	4.180908203125E-4
2.48695599372104	4.229736328125E-4
2.48713799372058	4.2510986328125E-4
2.48731899372012	4.290771484375E-4
2.48750099371966	4.33349609375E-4
2.4876839937192	4.3609619140625E-4
2.48786599371874	4.3792724609375E-4
2.48804799371828	4.40673828125E-4
2.48822999371782	4.437255859375E-4
2.48841199371736	4.4525146484375E-4
2.4885939937169	4.4677734375E-4
2.48877599371644	4.510498046875E-4
2.48895799371599	4.5257568359375E-4
2.48913999371553	4.5501708984375E-4
2.48932099371507	4.559326171875E-4
2.48950299371461	4.583740234375E-4
2.48968499371415	4.6051025390625E-4
2.48986699371369	4.62646484375E-4
2.49004899371323	4.644775390625E-4
2.49023099371277	4.656982421875E-4
2.49041399371231	4.6722412109375E-4
2.49059599371185	4.6905517578125E-4
2.49077699371139	4.6966552734375E-4
2.49095999371093	4.681396484375E-4
2.49114199371047	4.7210693359375E-4
2.49132399371001	4.7332763671875E-4
2.49150699370955	4.7454833984375E-4
2.49168799370909	4.7607421875E-4
2.49186899370864	4.754638671875E-4
2.49205099370818	4.7821044921875E-4
2.49223299370772	4.78515625E-4
2.49241499370726	4.79736328125E-4
2.4925969937068	4.7943115234375E-4
2.49277999370634	4.8370361328125E-4
2.49296199370588	4.833984375E-4
2.49314499370541	4.833984375E-4
2.62368499085107	1.7913818359375E-4
2.62388799085056	1.800537109375E-4
2.62405899085013	1.8402099609375E-4
2.62422699084971	1.849365234375E-4
2.62439499084928	1.91650390625E-4
2.62456399084886	1.9439697265625E-4
2.62473199084843	1.9775390625E-4
2.624900990848	1.9927978515625E-4
2.62506899084758	2.0233154296875E-4
2.62523899084715	2.0538330078125E-4
2.62540799084672	2.069091796875E-4
2.6255759908463	2.099609375E-4
2.62574499084587	2.1240234375E-4
2.62591399084545	2.1453857421875E-4
2.62608199084502	2.166748046875E-4
2.6262509908446	2.2064208984375E-4
2.62641899084417	2.191162109375E-4
2.62658899084374	2.2003173828125E-4
2.62675699084332	2.227783203125E-4
2.62692599084289	2.23388671875E-4
2.62709499084247	2.252197265625E-4
2.62726299084204	2.2552490234375E-4
2.62743199084161	2.288818359375E-4
2.62759999084119	2.288818359375E-4
2.62776899084076	2.2979736328125E-4
2.62793699084034	2.30712890625E-4
2.62810499083992	2.313232421875E-4
2.62827399083949	2.3284912109375E-4
2.62844299083906	2.34375E-4
2.62861199083864	2.3529052734375E-4
2.62877999083821	2.3651123046875E-4
2.62894899083778	2.374267578125E-4
2.62911799083736	2.3712158203125E-4
2.62928599083693	2.3895263671875E-4
2.62945499083651	2.398681640625E-4
2.62962299083608	2.4017333984375E-4
2.62979199083566	2.410888671875E-4
2.62996099083523	2.4261474609375E-4
2.6301299908348	2.4261474609375E-4
2.63029899083438	2.44140625E-4
2.63046699083395	2.447509765625E-4
2.63063599083353	2.45361328125E-4
2.6308039908331	2.4658203125E-4
2.63097299083267	2.471923828125E-4
2.63114099083225	2.47802734375E-4
2.63130899083183	2.4810791015625E-4
2.6314779908314	2.4993896484375E-4
2.63164699083097	2.496337890625E-4
2.63181599083055	2.5146484375E-4
2.63198399083012	2.50244140625E-4
2.6321529908297	2.520751953125E-4
2.63232199082927	2.532958984375E-4
2.63248999082884	2.5360107421875E-4
2.63265899082842	2.5299072265625E-4
2.63282699082799	2.5390625E-4
2.63299599082757	2.5360107421875E-4
2.63316499082714	2.5543212890625E-4
2.63333399082671	2.557373046875E-4
2.63350299082629	2.557373046875E-4
2.75385799052242	8.819580078125E-5
2.75405099052193	8.392333984375E-5
2.7542209905215	8.1787109375E-5
2.75439099052107	8.270263671875E-5
2.75455899052065	8.36181640625E-5
2.75472799052022	8.36181640625E-5
2.7548969905198	8.514404296875E-5
2.75506599051937	8.514404296875E-5
2.75523499051894	8.60595703125E-5
2.75540399051852	8.6669921875E-5
2.75557299051809	8.575439453125E-5
2.75574199051766	8.72802734375E-5
2.75591099051724	8.7890625E-5
2.75607999051681	8.941650390625E-5
2.75624899051638	8.97216796875E-5
2.75641799051596	8.97216796875E-5
2.75658699051553	8.880615234375E-5
2.7567559905151	9.124755859375E-5
2.75692499051468	9.21630859375E-5
2.75709399051425	8.941650390625E-5
2.75726199051383	9.246826171875E-5
2.7574319905134	9.09423828125E-5
2.75760099051297	9.27734375E-5
2.75776999051254	9.429931640625E-5
2.75793999051211	9.46044921875E-5
2.75810799051169	9.09423828125E-5
2.75827699051126	9.3994140625E-5
2.75844599051084	9.613037109375E-5
2.75861399051041	9.552001953125E-5
2.75878299050999	9.70458984375E-5
2.75895299050956	9.82666015625E-5
2.75912199050913	9.796142578125E-5
2.7592909905087	9.918212890625E-5
2.75945999050828	1.0009765625E-4
2.75962899050785	9.94873046875E-5
2.75979899050742	1.01318359375E-4
2.75996799050699	1.007080078125E-4
2.76013699050657	1.0162353515625E-4
2.76030599050614	1.019287109375E-4
2.76047499050571	1.01318359375E-4
2.76064399050529	1.025390625E-4
2.76081299050486	1.03759765625E-4
2.76098099050444	1.0467529296875E-4
2.76115099050401	1.0284423828125E-4
2.76131899050358	1.055908203125E-4
2.76148799050316	1.06201171875E-4
2.76165699050273	1.0589599609375E-4
2.7618259905023	1.0528564453125E-4
2.76199499050188	1.0528564453125E-4
2.76216499050145	1.0711669921875E-4
2.76233399050102	1.068115234375E-4
2.76250299050059	1.0711669921875E-4
2.76267199050017	1.0833740234375E-4
2.76283999049974	1.092529296875E-4
2.76300899049932	1.123046875E-4
2.76317799049889	1.080322265625E-4
2.76334699049846	1.0986328125E-4
2.76351699049803	1.104736328125E-4
2.76368599049761	1.11083984375E-4
2.88403499019375	6.8359375E-5
2.88422799019327	6.378173828125E-5
2.88439799019284	6.195068359375E-5
2.88456799019241	6.256103515625E-5
2.88473699019198	6.011962890625E-5
2.88490499019156	6.16455078125E-5
2.88507499019113	6.256103515625E-5
2.8852439901907	6.072998046875E-5
2.88541299019028	6.2255859375E-5
2.88558199018985	6.40869140625E-5
2.88575099018942	6.439208984375E-5
2.885919990189	6.378173828125E-5
2.88608899018857	6.40869140625E-5
2.88625699018814	6.40869140625E-5
2.88642699018772	6.439208984375E-5
2.88659599018729	6.40869140625E-5
2.88676399018686	6.500244140625E-5
2.88693399018644	6.622314453125E-5
2.88710299018601	6.53076171875E-5
2.88727199018558	6.53076171875E-5
2.88744099018515	6.378173828125E-5
2.88760999018473	6.805419921875E-5
2.8877789901843	6.77490234375E-5
2.88794799018387	6.8359375E-5
2.88811699018345	6.866455078125E-5
2.88828599018302	6.9580078125E-5
2.88845499018259	6.683349609375E-5
2.88862399018217	6.8359375E-5
2.88879299018174	6.988525390625E-5
2.88896199018131	7.01904296875E-5
2.88912999018089	7.01904296875E-5
2.88929999018046	6.9580078125E-5
2.88946899018003	6.988525390625E-5
2.88963799017961	7.080078125E-5
2.88980799017918	7.110595703125E-5
2.88997599017875	7.232666015625E-5
2.89014499017833	7.14111328125E-5
2.8903139901779	7.50732421875E-5
2.89048199017748	7.2021484375E-5
2.89065099017705	7.232666015625E-5
2.89081999017662	7.293701171875E-5
2.8909889901762	7.2021484375E-5
2.89115799017577	7.080078125E-5
2.89132799017534	7.38525390625E-5
2.89149699017491	7.415771484375E-5
2.89166499017449	7.354736328125E-5
2.89183399017406	7.476806640625E-5
2.89200399017363	7.38525390625E-5
2.89217299017321	7.354736328125E-5
2.89234199017278	7.476806640625E-5
2.89250999017236	7.537841796875E-5
2.89267899017193	7.4462890625E-5
2.8928479901715	7.62939453125E-5
2.89301699017108	7.568359375E-5
2.89318599017065	7.568359375E-5
2.89335599017022	7.62939453125E-5
2.89352499016979	7.659912109375E-5
2.89369399016937	7.75146484375E-5
2.89386299016894	7.75146484375E-5
3.0142089898651	5.645751953125E-5
3.01440198986461	5.157470703125E-5
3.01457198986418	5.0048828125E-5
3.01474098986375	5.0048828125E-5
3.01490998986333	5.18798828125E-5
3.0150789898629	4.913330078125E-5
3.01524798986247	5.0048828125E-5
3.01541798986204	5.126953125E-5
3.01558698986162	5.157470703125E-5
3.01575598986119	5.096435546875E-5
3.01592498986076	5.096435546875E-5
3.01609398986034	5.096435546875E-5
3.01626198985991	5.157470703125E-5
3.01643098985949	5.31005859375E-5
3.01660098985906	5.340576171875E-5
3.01676998985863	5.126953125E-5
3.0169389898582	5.31005859375E-5
3.01710798985778	5.2490234375E-5
3.01727698985735	4.974365234375E-5
3.01744598985692	5.2490234375E-5
3.01761598985649	5.279541015625E-5
3.01778498985607	5.18798828125E-5
3.01795398985564	5.37109375E-5
3.01812198985522	5.340576171875E-5
3.01829098985479	5.401611328125E-5
3.01845998985436	5.43212890625E-5
3.01862898985394	5.43212890625E-5
3.01879798985351	5.43212890625E-5
3.01896698985308	5.523681640625E-5
3.01913498985266	5.767822265625E-5
3.01930398985223	5.37109375E-5
3.0194739898518	5.462646484375E-5
3.01964198985138	5.4931640625E-5
3.01981098985095	5.645751953125E-5
3.01998098985052	5.584716796875E-5
3.0201499898501	5.401611328125E-5
3.02031898984967	5.615234375E-5
3.02048798984924	5.7373046875E-5
3.02065698984882	5.706787109375E-5
3.02082498984839	5.615234375E-5
3.02099398984797	5.7373046875E-5
3.02116298984754	5.828857421875E-5
3.02133198984711	5.67626953125E-5
3.02150098984669	5.79833984375E-5
3.02166998984626	5.859375E-5
3.02183898984583	5.767822265625E-5
3.02200798984541	5.645751953125E-5
3.02217698984498	5.79833984375E-5
3.02234698984455	5.889892578125E-5
3.02251598984412	5.828857421875E-5
3.0226849898437	5.92041015625E-5
3.02285298984327	5.950927734375E-5
3.02302198984285	5.889892578125E-5
3.02319098984242	5.950927734375E-5
3.023358989842	5.9814453125E-5
3.02352898984157	5.9814453125E-5
3.02369798984114	6.04248046875E-5
3.02386698984071	6.40869140625E-5
3.02403598984029	6.011962890625E-5
3.14438098953644	4.94384765625E-5
3.14457398953596	4.425048828125E-5
3.14474398953553	4.45556640625E-5
3.1449139895351	4.241943359375E-5
3.14508298953467	4.39453125E-5
3.14525098953425	4.302978515625E-5
3.14541998953382	4.302978515625E-5
3.14558898953339	4.45556640625E-5
3.14575798953297	4.364013671875E-5
3.14592798953254	4.33349609375E-5
3.14609698953211	4.425048828125E-5
3.14626598953168	4.39453125E-5
3.14643498953126	4.119873046875E-5
3.14660398953083	4.39453125E-5
3.1467729895304	4.2724609375E-5
3.14694198952998	4.39453125E-5
3.14711098952955	4.486083984375E-5
3.14727998952912	4.486083984375E-5
3.1474489895287	4.39453125E-5
3.14761798952827	4.547119140625E-5
3.14778698952784	4.425048828125E-5
3.14795598952742	4.730224609375E-5
3.14812598952699	4.730224609375E-5
3.14829498952656	4.486083984375E-5
3.14846398952614	4.57763671875E-5
3.14863298952571	4.608154296875E-5
3.14880098952528	4.486083984375E-5
3.14896998952486	4.547119140625E-5
3.14913898952443	4.39453125E-5
3.149307989524	4.638671875E-5
3.14947698952358	4.638671875E-5
3.14964598952315	4.5166015625E-5
3.14981498952272	4.669189453125E-5
3.1499839895223	4.21142578125E-5
3.15015298952187	4.69970703125E-5
3.15032298952144	4.5166015625E-5
3.15049198952102	4.119873046875E-5
3.15066098952059	4.638671875E-5
3.15082998952016	4.913330078125E-5
3.15099898951974	4.547119140625E-5
3.15116798951931	4.791259765625E-5
3.15133698951888	4.730224609375E-5
3.15150598951845	4.730224609375E-5
3.15167498951803	5.035400390625E-5
3.1518439895176	4.82177734375E-5
3.15201298951717	4.94384765625E-5
3.15218198951675	4.730224609375E-5
3.15235098951632	4.913330078125E-5
3.15251998951589	4.82177734375E-5
3.15268898951547	4.913330078125E-5
3.15285798951504	5.035400390625E-5
3.15302698951461	4.94384765625E-5
3.15319598951419	5.0048828125E-5
3.15336498951376	4.852294921875E-5
3.15353398951333	4.302978515625E-5
3.15370298951291	5.31005859375E-5
3.15387198951248	5.06591796875E-5
3.15404098951205	5.06591796875E-5
3.15420998951163	5.126953125E-5
3.27455498920779	4.547119140625E-5
3.2747479892073	4.119873046875E-5
3.27491898920687	3.997802734375E-5
3.27508798920644	3.936767578125E-5
3.27525698920601	3.936767578125E-5
3.27542498920559	4.0283203125E-5
3.27559398920516	3.60107421875E-5
3.27576298920474	3.875732421875E-5
3.27593198920431	3.7841796875E-5
3.27610098920388	3.662109375E-5
3.27626998920346	3.753662109375E-5
3.27643998920303	4.058837890625E-5
3.2766089892026	3.875732421875E-5
3.27677698920218	3.997802734375E-5
3.27694598920175	3.753662109375E-5
3.27711498920132	3.90625E-5
3.2772839892009	3.875732421875E-5
3.27745298920047	3.997802734375E-5
3.27762198920004	3.96728515625E-5
3.27779098919962	3.936767578125E-5
3.27795998919919	3.96728515625E-5
3.27812898919876	4.058837890625E-5
3.27829798919834	3.96728515625E-5
3.27846798919791	4.0283203125E-5
3.27863698919748	3.7841796875E-5
3.27880598919705	3.997802734375E-5
3.27897498919663	4.0283203125E-5
3.2791439891962	4.0283203125E-5
3.27931198919578	4.058837890625E-5
3.27948098919535	3.997802734375E-5
3.27964998919492	4.058837890625E-5
3.2798189891945	4.0283203125E-5
3.27998798919407	4.21142578125E-5
3.28015698919364	3.936767578125E-5
3.28032598919322	3.875732421875E-5
3.28049498919279	3.997802734375E-5
3.28066398919236	3.997802734375E-5
3.28083398919193	3.96728515625E-5
3.28100298919151	4.2724609375E-5
3.28117198919108	4.08935546875E-5
3.28134098919065	4.119873046875E-5
3.28150998919023	4.180908203125E-5
3.2816779891898	4.119873046875E-5
3.28184798918937	4.21142578125E-5
3.28201698918895	4.08935546875E-5
3.28218598918852	4.119873046875E-5
3.2823539891881	4.21142578125E-5
3.28252298918767	4.33349609375E-5
3.28269198918724	4.119873046875E-5
3.28286098918682	4.33349609375E-5
3.28302998918639	4.119873046875E-5
3.28319898918596	4.21142578125E-5
3.28336798918554	4.33349609375E-5
3.28353698918511	4.33349609375E-5
3.28370598918468	4.241943359375E-5
3.28387498918426	4.302978515625E-5
3.28404298918383	4.241943359375E-5
3.2842129891834	4.364013671875E-5
3.28438198918298	4.33349609375E-5
3.40472498887914	4.150390625E-5
3.40491798887865	3.692626953125E-5
3.40508798887822	3.5400390625E-5
3.4052569888778	3.60107421875E-5
3.40542598887737	3.448486328125E-5
3.40559498887694	3.47900390625E-5
3.40576398887652	3.509521484375E-5
3.40593198887609	3.2958984375E-5
3.40610198887566	3.387451171875E-5
3.40626998887524	3.570556640625E-5
3.40643898887481	3.41796875E-5
3.40660798887438	3.570556640625E-5
3.40677698887396	3.47900390625E-5
3.40694598887353	3.7841796875E-5
3.4071149888731	3.5400390625E-5
3.40728398887268	3.5400390625E-5
3.40745298887225	3.509521484375E-5
3.40762198887182	3.5400390625E-5
3.4077909888714	3.448486328125E-5
3.40795998887097	3.570556640625E-5
3.40812898887054	3.41796875E-5
3.40829698887012	3.875732421875E-5
3.40846698886969	3.570556640625E-5
3.40863598886926	3.570556640625E-5
3.40880498886884	3.570556640625E-5
3.40897398886841	3.570556640625E-5
3.40914298886798	3.662109375E-5
3.40931198886756	3.509521484375E-5
3.40948098886713	3.5400390625E-5
3.4096499888667	3.570556640625E-5
3.40981898886628	3.631591796875E-5
3.40998798886585	4.302978515625E-5
3.41015698886542	3.662109375E-5
3.410325988865	3.753662109375E-5
3.41049498886457	3.60107421875E-5
3.41066398886414	3.47900390625E-5
3.41083298886372	3.509521484375E-5
3.41100198886329	3.692626953125E-5
3.41117098886286	3.753662109375E-5
3.41133998886244	3.692626953125E-5
3.41150898886201	3.692626953125E-5
3.41167798886158	3.662109375E-5
3.41184798886115	3.753662109375E-5
3.41201698886073	3.692626953125E-5
3.4121849888603	3.692626953125E-5
3.41235398885988	3.509521484375E-5
3.41252298885945	4.058837890625E-5
3.41269198885902	3.692626953125E-5
3.4128609888586	3.7841796875E-5
3.41302998885817	3.90625E-5
3.41319898885774	3.814697265625E-5
3.41336798885732	3.814697265625E-5
3.41353698885689	3.814697265625E-5
3.41370598885646	3.753662109375E-5
3.41387598885603	3.7841796875E-5
3.41404498885561	3.72314453125E-5
3.41421398885518	3.90625E-5
3.41438298885475	3.814697265625E-5
3.41455198885433	3.96728515625E-5
3.53489798855048	3.936767578125E-5
3.53509098855	3.41796875E-5
3.53526198854956	3.35693359375E-5
3.53543098854914	3.204345703125E-5
3.53559998854871	3.265380859375E-5
3.53576898854828	3.2958984375E-5
3.53593798854786	3.2958984375E-5
3.53610698854743	3.204345703125E-5
3.536275988547	3.204345703125E-5
3.53644498854658	3.23486328125E-5
3.53661398854615	3.11279296875E-5
3.53678298854572	3.23486328125E-5
3.5369519885453	3.326416015625E-5
3.53712098854487	3.41796875E-5
3.53728998854444	3.35693359375E-5
3.53745998854401	3.509521484375E-5
3.53762898854359	3.265380859375E-5
3.53779698854316	3.265380859375E-5
3.53796598854274	3.265380859375E-5
3.53813498854231	3.2958984375E-5
3.53830398854188	3.265380859375E-5
3.53847298854146	3.265380859375E-5
3.53864198854103	3.2958984375E-5
3.5388109885406	3.35693359375E-5
3.53897998854018	3.326416015625E-5
3.53914898853975	3.326416015625E-5
3.53931798853932	3.265380859375E-5
3.53948798853889	3.23486328125E-5
3.53965698853847	3.35693359375E-5
3.53982598853804	3.448486328125E-5
3.53999498853761	3.2958984375E-5
3.54016398853719	3.23486328125E-5
3.54033198853676	3.631591796875E-5
3.54050098853634	3.265380859375E-5
3.54067098853591	3.387451171875E-5
3.54083998853548	3.326416015625E-5
3.54100898853505	3.2958984375E-5
3.54117798853463	3.35693359375E-5
3.5413469885342	3.326416015625E-5
3.54151598853377	3.326416015625E-5
3.54168498853335	3.47900390625E-5
3.54185398853292	3.35693359375E-5
3.54202298853249	3.143310546875E-5
3.54219198853207	3.2958984375E-5
3.54236098853164	3.570556640625E-5
3.54252998853121	3.387451171875E-5
3.54269898853079	3.387451171875E-5
3.54286798853036	3.41796875E-5
3.54303698852993	3.387451171875E-5
3.54320598852951	3.47900390625E-5
3.54337498852908	3.35693359375E-5
3.54354398852865	3.41796875E-5
3.54371298852823	3.47900390625E-5
3.5438819885278	3.326416015625E-5
3.54405098852737	3.41796875E-5
3.54421998852695	3.5400390625E-5
3.54438898852652	3.662109375E-5
3.54455798852609	3.692626953125E-5
3.54472698852567	3.47900390625E-5
3.66507798822181	3.7841796875E-5
3.66527098822132	3.448486328125E-5
3.66544298822089	3.265380859375E-5
3.66561198822046	3.143310546875E-5
3.66578098822004	3.021240234375E-5
3.66594998821961	2.8076171875E-5
3.66611898821918	3.204345703125E-5
3.66628798821876	3.11279296875E-5
3.66645798821833	3.0517578125E-5
3.6666269882179	3.082275390625E-5
3.66679598821747	3.082275390625E-5
3.66696498821705	2.99072265625E-5
3.66713298821662	3.021240234375E-5
3.6673019882162	3.0517578125E-5
3.66747098821577	3.0517578125E-5
3.66763998821534	3.143310546875E-5
3.66780898821492	3.082275390625E-5
3.66797798821449	3.082275390625E-5
3.66814698821406	3.082275390625E-5
3.66831598821364	3.021240234375E-5
3.66848398821321	3.021240234375E-5
3.66865298821278	3.11279296875E-5
3.66882298821236	2.86865234375E-5
3.66899198821193	3.173828125E-5
3.6691609882115	3.143310546875E-5
3.66932998821108	3.11279296875E-5
3.66949898821065	3.11279296875E-5
3.66966698821022	3.082275390625E-5
3.6698359882098	3.0517578125E-5
3.67000598820937	3.0517578125E-5
3.67017398820894	3.082275390625E-5
3.67034298820852	3.2958984375E-5
3.67051198820809	2.899169921875E-5
3.67068098820766	3.143310546875E-5
3.67084998820724	3.11279296875E-5
3.67101898820681	3.173828125E-5
3.67118798820638	3.204345703125E-5
3.67135698820596	3.0517578125E-5
3.67152598820553	3.143310546875E-5
3.6716949882051	3.11279296875E-5
3.67186298820468	3.143310546875E-5
3.67203198820425	3.143310546875E-5
3.67219998820383	3.204345703125E-5
3.6723689882034	3.204345703125E-5
3.67253798820298	3.143310546875E-5
3.67270698820255	3.173828125E-5
3.67287598820212	3.082275390625E-5
3.6730449882017	2.838134765625E-5
3.67321398820127	3.11279296875E-5
3.67338298820084	3.41796875E-5
3.67355198820042	3.570556640625E-5
3.67372198819999	3.11279296875E-5
3.67389098819956	3.204345703125E-5
3.67405998819913	3.204345703125E-5
3.67422898819871	3.204345703125E-5
3.67439798819828	3.173828125E-5
3.67456598819786	3.265380859375E-5
3.67473598819743	3.265380859375E-5
3.674904988197	3.173828125E-5
3.79525898789313	3.631591796875E-5
3.79545198789265	3.448486328125E-5
3.79562298789222	3.082275390625E-5
3.79579298789179	2.960205078125E-5
3.79596198789136	3.021240234375E-5
3.79613098789093	2.960205078125E-5
3.79629898789051	3.082275390625E-5
3.79646798789008	3.021240234375E-5
3.79663698788966	2.8076171875E-5
3.79680598788923	2.8076171875E-5
3.7969749878888	2.99072265625E-5
3.79714398788838	3.021240234375E-5
3.79731298788795	2.960205078125E-5
3.79748198788752	2.838134765625E-5
3.7976509878871	2.899169921875E-5
3.79781998788667	2.960205078125E-5
3.79798898788624	2.99072265625E-5
3.79815798788582	2.899169921875E-5
3.79832698788539	2.99072265625E-5
3.79849598788496	2.899169921875E-5
3.79866498788454	2.899169921875E-5
3.79883398788411	2.899169921875E-5
3.79900298788368	2.960205078125E-5
3.79917098788326	2.99072265625E-5
3.79934098788283	2.9296875E-5
3.7995099878824	2.838134765625E-5
3.79967898788198	2.86865234375E-5
3.79984798788155	2.9296875E-5
3.80001698788112	2.8076171875E-5
3.8001859878807	2.9296875E-5
3.80035498788027	2.9296875E-5
3.80052398787984	3.021240234375E-5
3.80069298787942	2.9296875E-5
3.80086198787899	2.9296875E-5
3.80103098787856	2.9296875E-5
3.80119998787814	2.99072265625E-5
3.80136898787771	2.960205078125E-5
3.80153798787728	2.99072265625E-5
3.80170698787686	2.716064453125E-5
3.80187598787643	3.387451171875E-5
3.802044987876	2.960205078125E-5
3.80221398787558	2.99072265625E-5
3.80238298787515	2.9296875E-5
3.80255198787472	2.960205078125E-5
3.8027209878743	2.99072265625E-5
3.80288998787387	2.960205078125E-5
3.80305898787344	2.86865234375E-5
3.80322798787302	3.082275390625E-5
3.80339698787259	3.143310546875E-5
3.80356598787216	3.021240234375E-5
3.80373498787174	3.021240234375E-5
3.80390398787131	2.99072265625E-5
3.80407298787088	2.9296875E-5
3.80424298787045	3.173828125E-5
3.80441098787003	2.960205078125E-5
3.8045799878696	3.0517578125E-5
3.80474998786917	2.86865234375E-5
3.80491898786875	3.0517578125E-5
3.80508798786832	2.99072265625E-5
3.92543498756447	3.60107421875E-5
3.92562698756399	3.143310546875E-5
3.92579798756356	3.143310546875E-5
3.92596798756313	2.960205078125E-5
3.9261369875627	2.899169921875E-5
3.92630498756228	2.899169921875E-5
3.92647398756185	2.9296875E-5
3.92664298756142	2.685546875E-5
3.926811987561	2.899169921875E-5
3.92698198756057	2.8076171875E-5
3.92715098756014	2.777099609375E-5
3.92731998755971	2.777099609375E-5
3.92748898755929	2.74658203125E-5
3.92765798755886	2.838134765625E-5
3.92782698755843	2.86865234375E-5
3.92799598755801	2.8076171875E-5
3.92816598755758	2.777099609375E-5
3.92833398755715	2.716064453125E-5
3.92850298755673	2.74658203125E-5
3.9286719875563	2.74658203125E-5
3.92883998755588	2.716064453125E-5
3.92900898755545	2.899169921875E-5
3.92917898755502	2.593994140625E-5
3.92934798755459	2.838134765625E-5
3.92951698755417	2.9296875E-5
3.92968598755374	2.74658203125E-5
3.92985498755331	2.86865234375E-5
3.93002398755289	2.838134765625E-5
3.93019398755246	2.655029296875E-5
3.93036298755203	2.86865234375E-5
3.9305319875516	2.86865234375E-5
3.93069998755118	2.8076171875E-5
3.93086898755075	2.86865234375E-5
3.93103798755033	2.9296875E-5
3.9312059875499	2.8076171875E-5
3.93137498754948	2.716064453125E-5
3.93154498754905	2.62451171875E-5
3.93171398754862	2.685546875E-5
3.93188298754819	2.655029296875E-5
3.93205198754777	2.716064453125E-5
3.93222098754734	2.86865234375E-5
3.93238998754691	2.838134765625E-5
3.93255898754649	2.8076171875E-5
3.93272798754606	2.838134765625E-5
3.93289698754563	2.86865234375E-5
3.93306598754521	2.899169921875E-5
3.93323498754478	2.838134765625E-5
3.93340398754435	2.716064453125E-5
3.93357198754393	2.74658203125E-5
3.9337419875435	2.8076171875E-5
3.93390998754307	2.685546875E-5
3.93407898754265	2.86865234375E-5
3.93424798754222	2.899169921875E-5
3.93441698754179	2.86865234375E-5
3.93458598754137	2.899169921875E-5
3.93475598754094	2.86865234375E-5
3.93492498754051	2.86865234375E-5
3.93509398754009	2.716064453125E-5
3.93526298753966	2.99072265625E-5
4.05560998723581	3.509521484375E-5
4.05580198723533	3.11279296875E-5
4.0559729872349	2.838134765625E-5
4.05614298723447	2.74658203125E-5
4.05631098723404	2.86865234375E-5
4.05647998723362	2.74658203125E-5
4.05664898723319	2.8076171875E-5
4.05681798723276	2.716064453125E-5
4.05698698723234	2.8076171875E-5
4.05715598723191	2.777099609375E-5
4.05732498723148	2.74658203125E-5
4.05749398723106	2.74658203125E-5
4.05766298723063	2.777099609375E-5
4.0578319872302	2.74658203125E-5
4.05799998722978	2.960205078125E-5
4.05816998722935	2.74658203125E-5
4.05833898722892	2.716064453125E-5
4.0585079872285	2.593994140625E-5
4.05867698722807	2.86865234375E-5
4.05884498722764	2.8076171875E-5
4.05901398722722	2.655029296875E-5
4.05918298722679	2.62451171875E-5
4.05935098722637	2.74658203125E-5
4.05952098722594	2.74658203125E-5
4.05968998722551	2.716064453125E-5
4.05985798722509	2.777099609375E-5
4.06002698722466	2.685546875E-5
4.06019598722423	2.716064453125E-5
4.06036498722381	2.716064453125E-5
4.06053398722338	2.716064453125E-5
4.06070398722295	2.25830078125E-5
4.06087298722252	2.410888671875E-5
4.0610419872221	2.716064453125E-5
4.06121098722167	2.593994140625E-5
4.06137998722124	2.716064453125E-5
4.06154798722082	2.62451171875E-5
4.06171698722039	2.777099609375E-5
4.06188598721997	2.74658203125E-5
4.06205498721954	2.716064453125E-5
4.06222398721911	2.777099609375E-5
4.06239298721869	2.685546875E-5
4.06256198721826	2.716064453125E-5
4.06273098721783	2.716064453125E-5
4.06289998721741	2.716064453125E-5
4.06306998721698	2.777099609375E-5
4.06323898721655	2.86865234375E-5
4.06340798721612	2.960205078125E-5
4.0635769872157	2.5634765625E-5
4.06374598721527	2.8076171875E-5
4.06391398721485	2.8076171875E-5
4.06408398721442	2.8076171875E-5
4.06425298721399	2.593994140625E-5
4.06442198721356	2.899169921875E-5
4.06458998721314	2.74658203125E-5
4.06475898721271	3.326416015625E-5
4.06492798721229	2.777099609375E-5
4.06509798721186	2.9296875E-5
4.06526698721143	2.74658203125E-5
4.065435987211	2.8076171875E-5
4.18578398690715	3.570556640625E-5
4.18597598690667	3.0517578125E-5
4.18614798690624	2.99072265625E-5
4.18631698690581	2.8076171875E-5
4.18648598690538	2.777099609375E-5
4.18665398690496	2.838134765625E-5
4.18682298690453	2.86865234375E-5
4.1869919869041	2.685546875E-5
4.18716098690368	2.655029296875E-5
4.18732998690325	2.655029296875E-5
4.18749898690282	2.685546875E-5
4.1876679869024	2.777099609375E-5
4.18783698690197	2.655029296875E-5
4.18800598690154	2.62451171875E-5
4.18817398690112	2.8076171875E-5
4.18834398690069	2.62451171875E-5
4.18851298690026	2.655029296875E-5
4.18868198689984	2.62451171875E-5
4.18885098689941	2.685546875E-5
4.18901998689898	2.655029296875E-5
4.18918898689856	2.716064453125E-5
4.18935798689813	2.716064453125E-5
4.18952598689771	2.655029296875E-5
4.18969598689728	2.5634765625E-5
4.18986398689685	2.655029296875E-5
4.19003298689643	2.62451171875E-5
4.190201986896	2.593994140625E-5
4.19037098689557	2.74658203125E-5
4.19053998689515	2.716064453125E-5
4.19070998689472	2.655029296875E-5
4.19087898689429	2.62451171875E-5
4.19104798689386	2.593994140625E-5
4.19121698689344	2.44140625E-5
4.19138598689301	2.655029296875E-5
4.19155498689258	2.74658203125E-5
4.19172398689216	2.716064453125E-5
4.19189298689173	2.593994140625E-5
4.1920619868913	2.86865234375E-5
4.19223098689088	2.74658203125E-5
4.19239898689045	2.593994140625E-5
4.19256898689002	2.44140625E-5
4.1927379868896	2.655029296875E-5
4.19290698688917	2.685546875E-5
4.19307598688874	2.62451171875E-5
4.19324498688832	2.655029296875E-5
4.19341398688789	2.716064453125E-5
4.19358298688746	2.685546875E-5
4.19375198688704	2.716064453125E-5
4.19392098688661	2.655029296875E-5
4.19408998688618	2.685546875E-5
4.19425898688576	2.62451171875E-5
4.19442798688533	2.9296875E-5
4.1945969868849	2.74658203125E-5
4.19476598688448	2.74658203125E-5
4.19493498688405	2.655029296875E-5
4.19510398688362	2.8076171875E-5
4.19527398688319	2.74658203125E-5
4.19544298688277	2.74658203125E-5
4.19561198688234	2.716064453125E-5
4.3159579865785	3.448486328125E-5
4.31615098657801	3.082275390625E-5
4.31632198657758	2.838134765625E-5
4.31649098657715	2.8076171875E-5
4.31665998657672	2.655029296875E-5
4.3168289865763	2.5634765625E-5
4.31699798657587	2.777099609375E-5
4.31716698657544	2.74658203125E-5
4.31733598657502	2.716064453125E-5
4.31750498657459	2.685546875E-5
4.31767398657416	2.716064453125E-5
4.31784298657374	2.593994140625E-5
4.31801198657331	2.593994140625E-5
4.31818098657288	2.74658203125E-5
4.31834998657246	2.62451171875E-5
4.31851898657203	2.716064453125E-5
4.3186879865716	2.5634765625E-5
4.31885698657118	2.685546875E-5
4.31902598657075	2.50244140625E-5
4.31919498657032	2.655029296875E-5
4.3193639865699	2.5634765625E-5
4.31953298656947	2.50244140625E-5
4.31970198656904	2.716064453125E-5
4.31987098656862	2.655029296875E-5
4.32003998656819	2.62451171875E-5
4.32020898656776	2.655029296875E-5
4.32037798656734	2.716064453125E-5
4.32054698656691	2.593994140625E-5
4.32071598656648	2.685546875E-5
4.32088598656605	2.62451171875E-5
4.32105498656563	2.532958984375E-5
4.3212239865652	2.74658203125E-5
4.32139198656478	2.74658203125E-5
4.32156098656435	2.62451171875E-5
4.32172998656392	2.593994140625E-5
4.3218989865635	2.62451171875E-5
4.32206798656307	2.471923828125E-5
4.32223698656264	2.532958984375E-5
4.32240598656222	2.593994140625E-5
4.32257498656179	2.685546875E-5
4.32274398656136	2.5634765625E-5
4.32291298656094	2.685546875E-5
4.32308298656051	2.62451171875E-5
4.32325198656008	2.655029296875E-5
4.32342098655965	2.50244140625E-5
4.32358998655923	2.5634765625E-5
4.3237589865588	2.655029296875E-5
4.32392698655838	2.62451171875E-5
4.32409698655795	2.62451171875E-5
4.32426598655752	2.471923828125E-5
4.3244339865571	2.716064453125E-5
4.32460298655667	2.593994140625E-5
4.32477198655624	2.593994140625E-5
4.32494098655582	2.62451171875E-5
4.32511098655539	2.655029296875E-5
4.32527998655496	2.5634765625E-5
4.32544898655453	2.685546875E-5
4.32561798655411	2.655029296875E-5
4.32578698655368	2.62451171875E-5
4.44613898624982	3.326416015625E-5
4.44633198624933	2.99072265625E-5
4.4465029862489	2.8076171875E-5
4.44667198624848	2.777099609375E-5
4.44684098624805	2.716064453125E-5
4.44700998624762	2.655029296875E-5
4.44717998624719	2.593994140625E-5
4.44734798624677	2.593994140625E-5
4.44751698624634	2.655029296875E-5
4.44768698624591	2.593994140625E-5
4.44785598624549	2.716064453125E-5
4.44802498624506	2.5634765625E-5
4.44819298624463	2.655029296875E-5
4.44836198624421	2.716064453125E-5
4.44853098624378	2.50244140625E-5
4.44869898624336	2.685546875E-5
4.44886898624293	2.62451171875E-5
4.4490379862425	2.5634765625E-5
4.44920798624207	2.532958984375E-5
4.44937698624165	2.532958984375E-5
4.44954498624122	2.593994140625E-5
4.44971498624079	2.62451171875E-5
4.44988398624037	2.5634765625E-5
4.45005298623994	2.62451171875E-5
4.45022198623951	2.593994140625E-5
4.45039098623909	2.74658203125E-5
4.45055998623866	2.5634765625E-5
4.45072898623823	2.685546875E-5
4.45089698623781	2.593994140625E-5
4.45106698623738	2.532958984375E-5
4.45123498623695	2.655029296875E-5
4.45140398623653	2.5634765625E-5
4.4515729862361	2.532958984375E-5
4.45174198623567	2.593994140625E-5
4.45191098623525	2.532958984375E-5
4.45207998623482	2.655029296875E-5
4.45224998623439	2.62451171875E-5
4.45241898623397	2.410888671875E-5
4.45258798623354	2.716064453125E-5
4.45275598623311	2.410888671875E-5
4.45292498623269	2.62451171875E-5
4.45309398623226	2.3193359375E-5
4.45326398623183	2.8076171875E-5
4.45343298623141	2.593994140625E-5
4.45360198623098	2.5634765625E-5
4.45377098623055	2.5634765625E-5
4.45393998623013	2.62451171875E-5
4.4541089862297	2.655029296875E-5
4.45427798622927	2.5634765625E-5
4.45444798622884	2.62451171875E-5
4.45461698622842	2.38037109375E-5
4.45478498622799	2.8076171875E-5
4.45495398622757	2.655029296875E-5
4.45512298622714	2.50244140625E-5
4.45529198622671	2.3193359375E-5
4.45546098622629	2.44140625E-5
4.45562998622586	2.50244140625E-5
4.45579898622543	2.8076171875E-5
4.45596698622501	2.62451171875E-5
4.57631298592116	3.35693359375E-5
4.57650598592068	2.899169921875E-5
4.57667698592024	2.838134765625E-5
4.57684598591982	2.8076171875E-5
4.57701498591939	2.62451171875E-5
4.57718398591896	2.899169921875E-5
4.57735298591854	2.9296875E-5
4.57752198591811	2.655029296875E-5
4.57769098591768	2.74658203125E-5
4.57785998591726	2.74658203125E-5
4.57802898591683	2.8076171875E-5
4.5781979859164	2.5634765625E-5
4.57836698591598	2.655029296875E-5
4.57853498591555	2.5634765625E-5
4.57870398591513	2.62451171875E-5
4.5788729859147	2.655029296875E-5
4.57904098591428	2.50244140625E-5
4.57920998591385	2.532958984375E-5
4.57937998591342	2.532958984375E-5
4.57954898591299	2.532958984375E-5
4.57971798591257	2.532958984375E-5
4.57988698591214	2.655029296875E-5
4.58005598591171	2.655029296875E-5
4.58022498591129	2.44140625E-5
4.58039398591086	2.5634765625E-5
4.58056298591043	2.62451171875E-5
4.58073198591001	2.471923828125E-5
4.58090098590958	2.532958984375E-5
4.58106998590915	2.532958984375E-5
4.58123898590873	2.532958984375E-5
4.5814069859083	2.532958984375E-5
4.58157698590787	2.410888671875E-5
4.58174498590745	2.532958984375E-5
4.58191398590702	2.471923828125E-5
4.58208398590659	2.62451171875E-5
4.58225298590617	2.5634765625E-5
4.58242198590574	2.532958984375E-5
4.58259098590531	2.532958984375E-5
4.58275998590489	2.5634765625E-5
4.58292898590446	2.471923828125E-5
4.58309798590403	2.62451171875E-5
4.58326698590361	2.532958984375E-5
4.58343598590318	2.50244140625E-5
4.58360498590275	2.532958984375E-5
4.58377398590233	2.50244140625E-5
4.5839429859019	2.5634765625E-5
4.58411198590147	2.50244140625E-5
4.58428098590105	2.716064453125E-5
4.58444998590062	2.716064453125E-5
4.58461898590019	2.532958984375E-5
4.58478798589977	2.655029296875E-5
4.58495798589934	2.5634765625E-5
4.58512698589891	2.5634765625E-5
4.58529598589848	2.655029296875E-5
4.58546398589806	2.410888671875E-5
4.58563298589763	2.532958984375E-5
4.58580198589721	2.532958984375E-5
4.58597098589678	2.44140625E-5
4.58613998589635	2.471923828125E-5
4.70648698559251	3.387451171875E-5
4.70667998559202	2.838134765625E-5
4.70684998559159	2.777099609375E-5
4.70701898559116	2.685546875E-5
4.70718798559074	2.5634765625E-5
4.70735698559031	2.655029296875E-5
4.70752598558988	2.899169921875E-5
4.70769598558945	2.62451171875E-5
4.70786398558903	2.655029296875E-5
4.7080339855886	2.593994140625E-5
4.70820298558817	2.5634765625E-5
4.70837198558775	2.593994140625E-5
4.70854098558732	2.5634765625E-5
4.70870998558689	2.5634765625E-5
4.70887898558647	2.44140625E-5
4.70904798558604	2.471923828125E-5
4.70921698558561	2.38037109375E-5
4.70938598558519	2.349853515625E-5
4.70955498558476	2.410888671875E-5
4.70972398558433	2.5634765625E-5
4.70989298558391	2.532958984375E-5
4.71006198558348	2.593994140625E-5
4.71023098558305	2.349853515625E-5
4.71039998558263	2.532958984375E-5
4.7105689855822	2.471923828125E-5
4.71073798558177	2.685546875E-5
4.71090698558135	2.44140625E-5
4.71107598558092	2.38037109375E-5
4.71124498558049	2.471923828125E-5
4.71141398558007	2.471923828125E-5
4.71158298557964	2.532958984375E-5
4.71175198557921	2.44140625E-5
4.71192098557879	2.410888671875E-5
4.71209098557836	2.471923828125E-5
4.71225898557793	2.44140625E-5
4.71242798557751	2.62451171875E-5
4.71259798557708	2.777099609375E-5
4.71276698557665	2.50244140625E-5
4.71293598557622	2.471923828125E-5
4.7131049855758	2.44140625E-5
4.71327398557537	2.44140625E-5
4.71344198557495	2.471923828125E-5
4.71361098557452	2.5634765625E-5
4.71377998557409	2.5634765625E-5
4.71394898557367	2.5634765625E-5
4.71411798557324	2.50244140625E-5
4.71428698557281	2.593994140625E-5
4.71445598557239	2.5634765625E-5
4.71462498557196	2.50244140625E-5
4.71479498557153	2.593994140625E-5
4.7149639855711	2.50244140625E-5
4.71513298557068	2.50244140625E-5
4.71530198557025	2.44140625E-5
4.71547098556982	2.471923828125E-5
4.7156399855694	2.532958984375E-5
4.71580798556897	2.288818359375E-5
4.71597798556854	2.44140625E-5
4.71614698556812	2.532958984375E-5
4.71631498556769	2.38037109375E-5
4.83666198526385	3.448486328125E-5
4.83685498526336	2.899169921875E-5
4.83702598526293	2.838134765625E-5
4.8371949852625	2.777099609375E-5
4.83736398526207	2.685546875E-5
4.83753298526165	2.685546875E-5
4.83770098526122	2.62451171875E-5
4.83787098526079	2.5634765625E-5
4.83803998526037	2.288818359375E-5
4.83820898525994	2.50244140625E-5
4.83837898525951	2.593994140625E-5
4.83854798525908	2.532958984375E-5
4.83871598525866	2.38037109375E-5
4.83888498525823	2.593994140625E-5
4.83905398525781	2.471923828125E-5
4.83922298525738	2.62451171875E-5
4.83939198525695	2.5634765625E-5
4.83956098525653	2.532958984375E-5
4.8397299852561	2.44140625E-5
4.83989998525567	2.44140625E-5
4.84006798525525	2.50244140625E-5
4.84023698525482	2.50244140625E-5
4.84040698525439	2.471923828125E-5
4.84057598525396	2.593994140625E-5
4.84074498525354	2.38037109375E-5
4.84091398525311	2.50244140625E-5
4.84108298525268	2.593994140625E-5
4.84125198525226	2.50244140625E-5
4.84141998525183	2.410888671875E-5
4.8415899852514	2.44140625E-5
4.84175798525098	2.62451171875E-5
4.84192698525055	2.685546875E-5
4.84209598525013	2.25830078125E-5
4.8422649852497	2.50244140625E-5
4.84243398524927	2.50244140625E-5
4.84260398524884	2.5634765625E-5
4.84277298524842	2.44140625E-5
4.84294198524799	2.349853515625E-5
4.84310998524757	2.5634765625E-5
4.84327898524714	2.593994140625E-5
4.84344798524671	2.593994140625E-5
4.84361698524629	2.50244140625E-5
4.84378498524586	2.44140625E-5
4.84395498524543	2.50244140625E-5
4.84412298524501	2.532958984375E-5
4.84429198524458	2.38037109375E-5
4.84446098524415	2.471923828125E-5
4.84462998524373	2.44140625E-5
4.8447989852433	2.471923828125E-5
4.84496798524287	2.44140625E-5
4.84513698524245	2.471923828125E-5
4.84530598524202	2.3193359375E-5
4.84547498524159	2.532958984375E-5
4.84564398524117	2.410888671875E-5
4.84581298524074	2.44140625E-5
4.84598198524031	2.74658203125E-5
4.84614998523989	2.471923828125E-5
4.84631998523946	2.471923828125E-5
4.84648898523903	2.685546875E-5
4.96683698493518	3.35693359375E-5
4.9670299849347	2.74658203125E-5
4.96720098493427	2.74658203125E-5
4.96736998493384	2.593994140625E-5
4.96753898493341	2.471923828125E-5
4.96770898493298	2.685546875E-5
4.96787698493256	2.899169921875E-5
4.96804698493213	2.532958984375E-5
4.9682159849317	2.62451171875E-5
4.96838498493128	2.471923828125E-5
4.96855398493085	2.532958984375E-5
4.96872298493042	2.532958984375E-5
4.96889198493	2.50244140625E-5
4.96906098492957	2.471923828125E-5
4.96922998492914	2.532958984375E-5
4.96939898492872	2.532958984375E-5
4.96956798492829	2.5634765625E-5
4.96973698492786	2.8076171875E-5
4.96990598492744	2.410888671875E-5
4.97007498492701	2.410888671875E-5
4.97024398492658	2.74658203125E-5
4.97041298492616	2.44140625E-5
4.97058198492573	2.50244140625E-5
4.9707509849253	2.532958984375E-5
4.97091998492488	2.38037109375E-5
4.97108898492445	2.44140625E-5
4.97125798492402	2.50244140625E-5
4.9714269849236	2.349853515625E-5
4.97159598492317	2.471923828125E-5
4.97176498492274	2.471923828125E-5
4.97193398492232	2.44140625E-5
4.97210398492189	2.288818359375E-5
4.97227198492146	2.25830078125E-5
4.97244098492104	2.38037109375E-5
4.97261098492061	2.288818359375E-5
4.97277998492018	2.471923828125E-5
4.97294898491975	2.471923828125E-5
4.97311798491933	2.349853515625E-5
4.9732859849189	2.50244140625E-5
4.97345498491848	2.44140625E-5
4.97362398491805	2.44140625E-5
4.97379298491762	2.50244140625E-5
4.9739619849172	2.38037109375E-5
4.97413098491677	2.38037109375E-5
4.97429998491634	2.532958984375E-5
4.97446898491592	2.3193359375E-5
4.97463798491549	2.38037109375E-5
4.97480798491506	1.953125E-5
4.97497698491463	2.532958984375E-5
4.97514598491421	2.593994140625E-5
4.97531498491378	2.471923828125E-5
4.97548398491335	2.50244140625E-5
4.97565298491293	2.471923828125E-5
4.9758209849125	2.410888671875E-5
4.97599098491207	2.410888671875E-5
4.97615998491165	2.44140625E-5
4.97632898491122	2.50244140625E-5
4.97649798491079	2.44140625E-5
4.97666698491037	2.38037109375E-5
5.09701298460652	3.2958984375E-5
5.09720598460603	2.349853515625E-5
5.0973769846056	2.8076171875E-5
5.09754598460518	2.74658203125E-5
5.09771398460475	2.532958984375E-5
5.09788298460433	2.62451171875E-5
5.0980529846039	2.593994140625E-5
5.09822198460347	2.62451171875E-5
5.09839098460304	2.5634765625E-5
5.09855998460262	2.44140625E-5
5.09872898460219	2.471923828125E-5
5.09889798460176	2.3193359375E-5
5.09906698460134	2.5634765625E-5
5.09923598460091	2.471923828125E-5
5.09940498460048	2.38037109375E-5
5.09957398460006	2.44140625E-5
5.09974298459963	2.44140625E-5
5.0999119845992	2.471923828125E-5
5.10008098459878	2.471923828125E-5
5.10024998459835	2.50244140625E-5
5.10041998459792	2.38037109375E-5
5.10058898459749	2.471923828125E-5
5.10075798459707	2.410888671875E-5
5.10092698459664	2.44140625E-5
5.10109598459621	2.532958984375E-5
5.10126498459579	2.50244140625E-5
5.10143298459536	2.349853515625E-5
5.10160298459493	2.50244140625E-5
5.10177098459451	2.410888671875E-5
5.10193998459408	2.38037109375E-5
5.10210898459366	2.38037109375E-5
5.10227798459323	2.50244140625E-5
5.1024469845928	2.25830078125E-5
5.10261698459237	2.5634765625E-5
5.10278598459195	2.410888671875E-5
5.10295498459152	2.349853515625E-5
5.10312398459109	2.471923828125E-5
5.10329298459067	2.50244140625E-5
5.10346198459024	2.25830078125E-5
5.10363098458981	2.5634765625E-5
5.10379998458939	2.471923828125E-5
5.10396898458896	2.532958984375E-5
5.10413798458853	2.25830078125E-5
5.10430698458811	2.44140625E-5
5.10447598458768	2.410888671875E-5
5.10464498458725	2.38037109375E-5
5.10481398458683	2.3193359375E-5
5.1049829845864	2.471923828125E-5
5.10515198458597	2.593994140625E-5
5.10532098458555	2.471923828125E-5
5.10548998458512	2.471923828125E-5
5.10565898458469	2.532958984375E-5
5.10582798458427	2.25830078125E-5
5.10599698458384	2.50244140625E-5
5.10616598458341	2.44140625E-5
5.10633498458299	2.410888671875E-5
5.10650398458256	2.471923828125E-5
5.10667298458213	2.50244140625E-5
5.10684198458171	2.471923828125E-5
